# RSGA2, Montage_100_1.0, runtime: 99.7811, iterations: 2570
makespan: 24.3451 25.2053 27.1189 27.1544 27.1548 27.1816 27.1922 27.2011 27.2031 27.2148 27.2278 27.2402 27.2493 27.2688 27.2785 27.2786 27.2793 27.2975 27.3108 30.2398 30.265 30.2811 30.2814 30.2856 30.3542 32.4624 32.5246 33.3756 36.4188 39.3965 44.268 46.2845 49.0108 51.6559 52.7109 53.7279 88.8131 98.086 116.908 165.647 169.795 224.693 270.438 273.801 357.234 511.565 559.298 706.963 830.988 1074.41 
cost: 32.24 31.2 30.44 29.44 28.44 27.64 26.4 25.6 24.8 23.8 22.52 21.76 20.76 20.52 19.48 18.96 18.12 17.2 16.68 15.32 15.04 14.24 13.48 12.96 12 11.52 11.02 9.51 8.57 7.28 6.88 6.16 5.4 5.12 4.6 4.08 3.91 3.13 2.98 2.88 2.72 2.68 2.66 2.54 2.52 2.44 2.38 2.36 2.33 2.28 
# RSGA2, Montage_100_1.0, runtime: 99.7861, iterations: 2562
makespan: 24.3451 25.2053 27.1193 27.1548 27.1623 27.1638 27.1733 27.1919 27.1922 27.2044 27.2124 27.2151 27.2484 27.2493 27.2665 27.2675 27.2786 27.2792 27.2975 27.3805 30.1904 30.2255 30.3171 30.3196 30.3375 32.5078 33.1812 36.3285 37.2348 39.3166 39.9146 42.3975 46.1916 55.2332 55.2532 63.0986 64.2464 93.467 102.174 131.306 166.358 169.687 212.343 248.196 270.688 478.45 533.188 626.55 717.325 1077.32 
cost: 32.24 31.2 30.48 29.48 28.96 28.24 27.48 26.68 25.68 25.4 24.52 23.76 23 22.24 20.52 19.96 18.16 18.12 16.92 16.16 15.24 14.4 13.36 12.6 11.8 10.89 9.89 9.12 8.32 7.43 6.86 6.15 5.52 4.84 4.56 3.84 3.6 3.52 3.25 3.13 3.06 2.84 2.82 2.7 2.54 2.52 2.48 2.4 2.32 2.28 
# RSGA2, Montage_100_1.0, runtime: 99.7929, iterations: 2637
makespan: 24.3449 27.0921 27.1193 27.1399 27.1556 27.1678 27.1912 27.1922 27.2031 27.208 27.2176 27.2255 27.2282 27.2484 27.2662 27.2785 27.2812 27.2975 27.3131 30.203 30.2312 30.2484 30.294 31.1611 33.3042 33.3081 33.3875 33.4141 37.2477 39.5378 40.3457 45.4664 49.0821 49.1242 55.359 64.31 87.0385 101.335 205.621 236.539 246.144 377.613 386.263 452.675 475.2 532.438 946.363 959.6 1019.54 1198.66 
cost: 32.24 31.48 30.48 29.76 29 28.24 27.2 26.2 25.32 24.84 23.84 22.96 22.24 21.52 20.56 19.4 18.48 17.24 16.48 15.92 15.08 14 12.8 12 10.98 10.59 9.03 8.88 8.05 7.81 6.76 6.1 5.4 4.8 4.32 3.6 3.4 2.88 2.84 2.83 2.52 2.46 2.44 2.42 2.4 2.36 2.35 2.34 2.3 2.28 
# RSGA2, Montage_100_1.0, runtime: 99.7895, iterations: 2724
makespan: 24.3449 25.2336 25.2736 27.1399 27.1601 27.1733 27.1741 27.1909 27.1922 27.2183 27.2278 27.248 27.2688 27.279 27.2858 27.2973 27.3106 28.2422 30.2292 30.2789 30.3114 30.3814 32.3709 33.482 36.3446 37.2408 38.7995 39.961 43.0823 48.9071 48.9614 55.4882 60.1081 65.3934 65.4349 97.7676 116.154 124.276 166.327 211.787 249.597 281.11 298.61 564.496 593.413 646.513 769.425 778.65 835.3 1078.15 
cost: 32.24 30.16 29.64 28.68 27.16 26.68 26.12 25.4 24.44 23.24 22.44 21.48 20.52 19.44 18.56 17.76 17.2 16.68 13.92 13.36 12.52 11.24 10.96 10.07 9.4 8.75 8.36 7.51 6.88 6.4 5.64 4.88 4.4 3.84 3.6 3.58 3.31 2.95 2.9 2.63 2.59 2.58 2.5 2.43 2.42 2.38 2.36 2.34 2.32 2.28 
# RSGA2, Montage_100_1.0, runtime: 99.7908, iterations: 2702
makespan: 24.3449 25.1996 27.1189 27.1399 27.1623 27.1659 27.1678 27.18 27.1978 27.208 27.2103 27.2124 27.2151 27.2484 27.2642 27.2785 27.2838 27.286 27.3224 27.3769 30.2452 30.2551 30.2589 32.3373 32.4624 32.5028 33.2385 33.334 36.9184 37.1781 39.8811 42.4769 49.0315 51.5604 64.4099 66.1121 95.402 121.756 160.026 174.152 220.72 241.795 291.71 358.46 500.779 530.886 779.863 947.329 1068.19 1259.36 
cost: 32.24 31.2 30.44 29.72 28.76 28 27.2 26.4 25.44 24.88 24.08 23.28 22.96 20.96 20.2 18.96 18.44 17.76 16.96 16.2 14.76 14.16 13.64 12.04 11.91 11.26 10.16 9.36 9.12 8.08 7.32 7.08 5.84 4.8 3.84 3.6 3.42 3.11 3 2.82 2.78 2.6 2.54 2.52 2.48 2.4 2.38 2.34 2.3 2.26 
