EMS Montage100_1.0
cost 32.240 31.520 31.040 30.080 29.360 28.840 27.880 27.640 26.640 25.920 24.400 23.320 22.600 22.040 21.520 20.760 20.520 19.020 18.260 17.760 16.520 15.720 15.070 14.180 13.510 12.870 12.140 11.180 10.630 9.930 9.440 8.950 7.410 6.970 6.440 5.680 5.290 4.900 4.570 4.200 4.110 3.670 3.470 3.160 2.830 2.750 2.520 2.490 2.430 2.300 
makespan 24.360 27.170 27.180 27.189 27.196 27.198 27.212 27.215 27.228 27.248 27.251 27.283 27.291 27.311 30.207 30.252 32.365 32.487 32.503 32.523 32.601 33.247 40.992 40.999 42.342 43.218 49.841 52.866 59.335 64.968 66.217 70.686 80.886 95.097 101.105 111.078 117.201 144.667 164.890 177.007 215.406 233.626 268.834 281.469 293.003 512.755 539.670 1248.487 1281.887 1349.175 
GRPHEFT Montage100_1.0
cost 32.240 31.720 31.200 30.680 30.160 29.640 29.120 28.600 28.080 27.560 27.040 26.520 26.000 25.480 24.960 24.440 23.920 23.400 22.880 22.360 21.840 21.320 20.800 20.280 19.760 19.240 18.720 18.200 17.680 17.160 16.640 16.120 15.600 15.080 14.560 14.040 13.520 13.000 12.480 11.960 11.440 10.920 10.400 10.180 10.030 9.660 9.360 9.140 8.840 8.470 8.250 7.950 7.580 7.280 6.910 6.690 6.390 6.020 5.720 5.500 5.200 4.830 4.610 4.310 3.940 3.640 
makespan 24.360 25.134 25.168 25.188 27.103 27.118 27.132 27.144 27.159 27.168 27.178 27.183 27.186 27.192 27.197 27.215 27.228 27.240 27.245 27.246 27.253 27.259 27.264 27.267 27.270 27.270 27.273 27.279 27.283 27.292 27.308 27.317 28.191 30.177 30.200 30.214 30.248 30.267 30.279 30.290 30.299 30.312 31.202 32.358 33.225 33.257 33.274 33.283 33.295 33.310 34.712 35.074 39.229 39.822 39.923 40.932 40.954 43.054 43.314 45.903 46.100 47.136 49.245 50.222 58.273 59.264 
HMBR Montage100_1.0
cost 32.240 31.720 31.200 30.680 23.920 17.160 16.120 16.080 8.320 6.760 6.340 5.880 5.660 4.200 3.640 3.540 3.360 3.280 3.180 3.020 2.840 2.800 2.680 2.660 2.400 
makespan 24.345 25.134 25.205 27.103 27.225 27.292 27.318 28.288 33.401 39.956 40.969 51.371 63.299 67.958 72.231 106.400 117.360 165.553 226.190 247.325 269.150 270.669 323.214 355.662 1798.900 
MOELS Montage100_1.0
cost 32.240 31.720 31.200 30.680 30.160 29.640 16.120 15.880 15.520 14.920 14.880 14.360 14.120 13.000 12.240 11.960 11.440 10.960 10.680 10.000 9.160 8.880 8.600 8.250 7.800 7.560 7.280 6.760 6.320 5.970 5.540 5.200 5.040 4.520 4.500 4.040 3.960 3.640 3.280 3.200 3.120 2.880 2.860 2.820 2.800 2.640 2.600 2.580 2.560 2.400 
makespan 24.360 25.142 25.165 25.197 25.222 25.225 27.347 28.177 28.202 28.228 28.305 30.216 30.254 30.282 30.316 30.348 30.355 31.208 31.260 32.478 33.282 33.328 33.344 34.231 35.074 37.220 39.241 40.177 41.163 42.365 44.072 45.924 47.166 50.094 50.129 59.122 59.157 71.443 74.753 151.145 162.415 198.539 208.905 258.832 268.718 285.488 322.757 355.722 545.200 1798.900 
MOHEFT Montage100_1.0
cost 17.280 16.760 15.880 13.920 11.680 11.160 9.790 8.970 7.930 7.430 5.350 5.270 4.930 4.780 4.190 3.470 2.950 2.860 2.820 2.670 
makespan 27.675 30.009 30.254 30.316 32.367 34.701 36.588 43.638 43.690 53.006 58.272 88.110 105.273 105.279 117.536 163.484 187.427 245.595 302.890 319.537 
RSGA2 Montage100_1.0
cost 32.240 31.200 30.440 29.720 28.760 28.000 27.200 26.400 25.440 24.880 24.080 23.280 22.960 20.960 20.200 18.960 18.440 17.760 16.960 16.200 14.760 14.160 13.640 12.040 11.910 11.260 10.160 9.360 9.120 8.080 7.320 7.080 5.840 4.800 3.840 3.600 3.420 3.110 3.000 2.820 2.780 2.600 2.540 2.520 2.480 2.400 2.380 2.340 2.300 2.260 
makespan 24.345 25.200 27.119 27.140 27.162 27.166 27.168 27.180 27.198 27.208 27.210 27.212 27.215 27.248 27.264 27.279 27.284 27.286 27.322 27.377 30.245 30.255 30.259 32.337 32.462 32.503 33.238 33.334 36.918 37.178 39.881 42.477 49.031 51.560 64.410 66.112 95.402 121.756 160.026 174.152 220.720 241.795 291.710 358.460 500.779 530.886 779.863 947.329 1068.188 1259.362 
