# GRPHEFT, Montage_100_1.0, runtime: 3.42751
makespan: 24.3598 25.1339 25.1681 25.1881 27.1035 27.1178 27.1316 27.1444 27.1587 27.1684 27.1776 27.1831 27.1862 27.1919 27.1973 27.2146 27.2283 27.2398 27.2451 27.2458 27.2533 27.2585 27.2642 27.2672 27.27 27.27 27.2729 27.2788 27.2828 27.2924 27.3083 27.317 28.191 30.177 30.2004 30.2138 30.2483 30.2672 30.2785 30.29 30.2988 30.3119 31.2024 32.3583 33.2245 33.2569 33.274 33.2826 33.2952 33.3099 34.712 35.0745 39.229 39.8216 39.9169 39.9312 40.9545 43.0481 43.0647 45.9026 46.1003 47.1363 49.2451 50.222 58.2731 59.2643 
cost: 32.24 31.72 31.2 30.68 30.16 29.64 29.12 28.6 28.08 27.56 27.04 26.52 26 25.48 24.96 24.44 23.92 23.4 22.88 22.36 21.84 21.32 20.8 20.28 19.76 19.24 18.72 18.2 17.68 17.16 16.64 16.12 15.6 15.08 14.56 14.04 13.52 13 12.48 11.96 11.44 10.92 10.4 10.18 10.03 9.66 9.36 9.14 8.84 8.47 8.25 7.95 7.58 7.28 7.06 6.76 6.39 6.17 5.87 5.5 5.2 4.83 4.61 4.31 3.94 3.64 
# GRPHEFT, Montage_100_1.0, runtime: 3.43703
makespan: 24.3598 25.1339 25.1681 25.1881 27.1035 27.1178 27.1316 27.1444 27.1587 27.1684 27.1776 27.1831 27.1862 27.1919 27.1973 27.2146 27.2283 27.2398 27.2451 27.2458 27.2533 27.2585 27.2642 27.2672 27.27 27.27 27.2729 27.2788 27.2828 27.2924 27.3083 27.317 28.191 30.177 30.2004 30.2138 30.2483 30.2672 30.2785 30.29 30.2988 30.3119 31.2024 32.3583 33.2245 33.2569 33.274 33.2826 33.2952 33.3099 34.712 35.0745 39.229 39.8216 39.9169 39.9312 40.9545 43.0481 43.0647 45.9026 46.1003 47.1363 49.2451 50.222 58.2731 59.2643 
cost: 32.24 31.72 31.2 30.68 30.16 29.64 29.12 28.6 28.08 27.56 27.04 26.52 26 25.48 24.96 24.44 23.92 23.4 22.88 22.36 21.84 21.32 20.8 20.28 19.76 19.24 18.72 18.2 17.68 17.16 16.64 16.12 15.6 15.08 14.56 14.04 13.52 13 12.48 11.96 11.44 10.92 10.4 10.18 10.03 9.66 9.36 9.14 8.84 8.47 8.25 7.95 7.58 7.28 7.06 6.76 6.39 6.17 5.87 5.5 5.2 4.83 4.61 4.31 3.94 3.64 
# GRPHEFT, Montage_100_1.0, runtime: 3.47492
makespan: 24.3598 25.1339 25.1681 25.1881 27.1035 27.1178 27.1316 27.1444 27.1587 27.1684 27.1776 27.1831 27.1862 27.1919 27.1973 27.2146 27.2283 27.2398 27.2451 27.2458 27.2533 27.2585 27.2642 27.2672 27.27 27.27 27.2729 27.2788 27.2828 27.2924 27.3083 27.317 28.191 30.177 30.2004 30.2138 30.2483 30.2672 30.2785 30.29 30.2988 30.3119 31.2024 32.3583 33.2245 33.2569 33.274 33.2826 33.2952 33.3099 34.712 35.0745 39.229 39.8216 39.9169 39.9312 40.9545 43.0481 43.0647 45.9026 46.1003 47.1363 49.2451 50.222 58.2731 59.2643 
cost: 32.24 31.72 31.2 30.68 30.16 29.64 29.12 28.6 28.08 27.56 27.04 26.52 26 25.48 24.96 24.44 23.92 23.4 22.88 22.36 21.84 21.32 20.8 20.28 19.76 19.24 18.72 18.2 17.68 17.16 16.64 16.12 15.6 15.08 14.56 14.04 13.52 13 12.48 11.96 11.44 10.92 10.4 10.18 10.03 9.66 9.36 9.14 8.84 8.47 8.25 7.95 7.58 7.28 7.06 6.76 6.39 6.17 5.87 5.5 5.2 4.83 4.61 4.31 3.94 3.64 
# GRPHEFT, Montage_100_1.0, runtime: 3.37559
makespan: 24.3598 25.1339 25.1681 25.1881 27.1035 27.1178 27.1316 27.1444 27.1587 27.1684 27.1776 27.1831 27.1862 27.1919 27.1973 27.2146 27.2283 27.2398 27.2451 27.2458 27.2533 27.2585 27.2642 27.2672 27.27 27.27 27.2729 27.2788 27.2828 27.2924 27.3083 27.317 28.191 30.177 30.2004 30.2138 30.2483 30.2672 30.2785 30.29 30.2988 30.3119 31.2024 32.3583 33.2245 33.2569 33.274 33.2826 33.2952 33.3099 34.712 35.0745 39.229 39.8216 39.9169 39.9312 40.9545 43.0481 43.0647 45.9026 46.1003 47.1363 49.2451 50.222 58.2731 59.2643 
cost: 32.24 31.72 31.2 30.68 30.16 29.64 29.12 28.6 28.08 27.56 27.04 26.52 26 25.48 24.96 24.44 23.92 23.4 22.88 22.36 21.84 21.32 20.8 20.28 19.76 19.24 18.72 18.2 17.68 17.16 16.64 16.12 15.6 15.08 14.56 14.04 13.52 13 12.48 11.96 11.44 10.92 10.4 10.18 10.03 9.66 9.36 9.14 8.84 8.47 8.25 7.95 7.58 7.28 7.06 6.76 6.39 6.17 5.87 5.5 5.2 4.83 4.61 4.31 3.94 3.64 
# GRPHEFT, Montage_100_1.0, runtime: 3.35563
makespan: 24.3598 25.1339 25.1681 25.1881 27.1035 27.1178 27.1316 27.1444 27.1587 27.1684 27.1776 27.1831 27.1862 27.1919 27.1973 27.2146 27.2283 27.2398 27.2451 27.2458 27.2533 27.2585 27.2642 27.2672 27.27 27.27 27.2729 27.2788 27.2828 27.2924 27.3083 27.317 28.191 30.177 30.2004 30.2138 30.2483 30.2672 30.2785 30.29 30.2988 30.3119 31.2024 32.3583 33.2245 33.2569 33.274 33.2826 33.2952 33.3099 34.712 35.0745 39.229 39.8216 39.9232 40.9316 40.9545 43.0538 43.314 45.9026 46.1003 47.1363 49.2451 50.222 58.2731 59.2643 
cost: 32.24 31.72 31.2 30.68 30.16 29.64 29.12 28.6 28.08 27.56 27.04 26.52 26 25.48 24.96 24.44 23.92 23.4 22.88 22.36 21.84 21.32 20.8 20.28 19.76 19.24 18.72 18.2 17.68 17.16 16.64 16.12 15.6 15.08 14.56 14.04 13.52 13 12.48 11.96 11.44 10.92 10.4 10.18 10.03 9.66 9.36 9.14 8.84 8.47 8.25 7.95 7.58 7.28 6.91 6.69 6.39 6.02 5.72 5.5 5.2 4.83 4.61 4.31 3.94 3.64 
