EMS CyberShake30_1.0
cost 3.120 2.400 2.120 2.080 1.900 1.800 
makespan 146.577 153.606 171.451 236.757 299.365 648.475 
GRPHEFT CyberShake30_1.0
cost 3.120 2.520 2.390 1.900 
makespan 146.577 256.885 305.730 545.253 
HMBR CyberShake30_1.0
cost 2.920 2.880 2.600 2.400 2.360 2.230 2.120 2.040 2.020 1.940 1.860 1.780 
makespan 146.577 146.583 148.109 153.542 158.747 165.500 168.206 345.140 403.912 507.688 722.866 769.412 
MOELS CyberShake30_1.0
cost 2.640 2.600 2.400 2.360 2.230 2.120 2.080 2.030 1.990 1.970 1.960 1.930 1.920 1.880 1.810 1.780 1.760 
makespan 146.577 146.686 153.542 153.894 165.143 168.191 176.849 270.027 283.812 342.312 446.601 477.305 507.688 507.788 659.625 670.308 711.612 
MOHEFT CyberShake30_1.0
cost 2.640 2.480 2.400 2.280 2.200 2.120 2.030 1.950 1.910 
makespan 146.577 158.234 158.449 167.097 167.566 168.357 304.120 305.010 537.365 
RSGA2 CyberShake30_1.0
cost 2.600 2.400 2.360 2.200 2.120 2.080 2.060 2.040 1.960 1.900 1.780 
makespan 146.577 153.542 158.320 167.171 168.200 176.871 272.150 292.550 294.350 296.050 594.581 
EMS CyberShake50_1.0
cost 3.400 3.330 3.300 3.280 3.150 3.100 3.000 2.950 2.900 2.850 2.800 
makespan 179.311 387.435 393.050 395.325 412.940 593.660 787.525 848.762 922.862 1055.775 1484.150 
GRPHEFT CyberShake50_1.0
cost 4.160 3.640 3.570 3.420 3.360 3.230 3.100 3.080 3.000 
makespan 172.257 175.073 271.012 274.867 284.280 314.089 565.962 590.919 595.150 
HMBR CyberShake50_1.0
cost 4.160 3.720 3.640 3.400 3.370 3.320 3.180 3.080 3.070 3.060 3.040 2.880 
makespan 163.514 170.468 171.517 179.715 233.103 396.327 496.115 530.000 539.343 582.633 657.137 835.862 
MOELS CyberShake50_1.0
cost 4.160 3.920 3.640 3.550 3.420 3.400 3.370 3.320 3.300 3.270 3.220 3.190 3.150 3.120 3.110 3.060 3.050 3.000 2.890 2.870 2.850 2.830 2.800 
makespan 159.263 160.145 162.388 175.233 177.335 177.720 219.710 236.421 318.166 347.952 350.519 461.786 467.603 468.024 488.005 496.103 518.963 527.427 574.710 578.219 585.775 591.200 656.912 
MOHEFT CyberShake50_1.0
cost 3.640 3.550 3.480 3.400 3.370 3.350 3.300 3.210 3.130 3.080 3.060 3.000 2.970 
makespan 172.257 256.487 267.622 268.332 349.780 359.689 470.529 557.412 557.837 562.684 574.418 584.033 586.611 
RSGA2 CyberShake50_1.0
cost 4.240 4.160 3.890 3.720 3.640 3.480 3.400 3.350 3.270 3.260 3.240 3.180 3.160 3.100 3.060 3.040 3.000 2.990 2.940 2.890 2.870 
makespan 159.263 160.163 166.051 166.499 166.653 173.932 174.491 181.118 472.826 479.875 479.897 484.507 484.552 484.619 493.120 499.852 501.540 818.813 825.044 825.365 852.274 
EMS CyberShake100_1.0
cost 6.910 6.760 6.680 6.530 6.160 6.010 5.960 5.900 5.880 5.810 5.730 5.680 5.600 5.540 5.530 5.380 5.320 5.280 5.260 5.250 5.200 5.180 5.120 5.070 5.010 4.960 4.950 4.910 4.900 4.860 4.850 4.800 4.780 4.760 4.730 4.710 4.680 
makespan 213.104 227.603 339.600 345.826 351.997 358.223 448.680 455.989 458.886 462.909 463.897 477.257 479.309 537.791 693.295 708.310 709.280 709.565 766.115 769.360 775.020 831.280 1487.775 1515.012 1570.712 1633.700 1669.100 1702.825 1723.337 1774.350 1792.462 1902.612 2032.150 2037.475 2631.100 2639.963 2692.675 
GRPHEFT CyberShake100_1.0
cost 6.690 6.240 5.880 5.750 5.680 5.300 5.180 5.100 4.980 
makespan 224.336 224.636 337.189 350.914 570.556 578.533 586.599 590.599 597.356 
HMBR CyberShake100_1.0
cost 7.510 7.160 6.760 6.660 6.490 6.350 5.960 5.930 5.910 5.850 5.660 5.640 5.610 5.590 5.560 5.550 5.460 5.340 5.290 5.230 5.210 5.110 5.100 4.970 
makespan 195.078 202.493 202.529 208.022 208.529 213.978 226.421 228.254 239.269 239.328 239.444 290.458 321.715 323.709 362.071 422.603 446.922 456.567 471.460 526.154 612.944 650.108 667.397 721.042 
MOELS CyberShake100_1.0
cost 7.460 6.990 6.910 6.840 6.770 6.690 6.620 6.550 6.470 6.390 6.320 6.240 6.230 6.100 6.020 5.990 5.930 5.910 5.870 5.770 5.720 5.710 5.640 5.590 5.560 5.530 5.510 5.440 5.400 5.350 5.240 5.190 5.160 5.110 5.060 5.010 4.980 4.920 4.910 4.860 4.830 4.810 
makespan 192.554 193.651 194.251 196.261 197.244 198.023 198.360 199.726 200.000 203.955 206.393 206.554 212.051 212.183 218.063 218.384 222.737 227.234 227.511 228.551 230.629 231.509 234.651 242.874 316.895 321.132 330.559 367.253 415.252 421.757 483.493 484.665 501.226 516.751 538.059 546.952 589.138 590.312 644.425 645.892 658.500 718.188 
MOHEFT CyberShake100_1.0
cost 6.490 6.210 6.170 6.090 6.010 5.860 5.780 5.710 5.630 5.590 5.550 5.400 5.310 5.160 5.080 
makespan 209.068 215.118 220.304 220.403 220.653 226.383 227.357 232.589 235.234 255.798 447.694 448.114 570.381 570.556 593.800 
RSGA2 CyberShake100_1.0
cost 7.480 7.270 6.760 6.490 6.430 6.300 6.120 6.040 5.910 5.800 5.790 5.770 5.600 5.450 5.430 5.310 5.270 5.190 5.130 5.070 5.010 4.950 4.940 
makespan 183.207 187.203 197.909 200.758 209.519 211.127 211.409 212.026 228.192 234.689 239.031 239.379 243.386 294.749 423.567 424.187 425.234 529.569 587.937 589.028 607.027 609.598 636.021 
EMS Epigenomics24_1.0
cost 48.880 48.640 48.520 48.280 48.240 43.240 43.160 43.080 42.720 42.640 42.600 41.800 41.720 41.680 40.760 40.680 39.340 39.260 39.100 39.020 38.940 37.500 37.420 37.260 37.180 37.100 37.080 37.000 
makespan 2412.790 2443.271 2471.508 2521.640 2656.388 2854.969 2856.971 2978.880 3397.995 3401.500 3562.585 4996.195 4999.700 5160.785 5209.535 5213.040 8435.476 8444.239 8457.659 8466.422 8503.750 12430.976 12439.739 12453.159 12461.922 12499.250 13545.122 13582.450 
GRPHEFT Epigenomics24_1.0
cost 45.240 42.000 37.100 
makespan 1594.586 2790.525 6976.312 
HMBR Epigenomics24_1.0
cost 45.400 45.240 45.230 45.160 44.800 44.710 44.200 43.280 43.080 42.320 42.160 41.880 40.720 40.560 37.260 37.180 37.020 37.000 
makespan 1594.586 1607.674 1688.660 1709.109 1733.823 2255.720 2299.010 2646.583 2661.726 2935.016 3563.561 3858.038 4439.209 5880.120 7120.226 10150.465 13565.508 22211.953 
MOELS Epigenomics24_1.0
cost 45.240 44.880 44.800 44.760 44.680 44.000 43.920 43.840 43.400 43.320 43.240 43.160 42.520 42.240 42.160 41.880 41.380 41.300 41.100 40.640 40.560 40.360 39.620 38.620 38.540 38.160 37.220 37.180 37.140 37.100 37.080 37.000 
makespan 1600.737 1634.821 1675.811 1875.614 2056.274 2095.007 2214.609 2223.546 2301.954 2302.174 2400.219 2400.352 2559.282 2853.972 2888.110 3384.760 3776.248 3812.937 4013.826 4059.825 4330.925 4337.844 4786.157 5335.958 5982.769 6367.052 6932.607 7091.512 8904.483 9015.514 13118.287 18636.607 
MOHEFT Epigenomics24_1.0
cost 44.480 44.260 43.340 42.420 41.380 40.580 40.020 39.280 38.820 38.620 37.220 37.150 37.000 
makespan 1919.422 3245.848 3491.981 3828.759 4449.929 5517.549 5812.025 7291.079 8322.815 8915.816 10469.131 22149.426 22150.188 
RSGA2 Epigenomics24_1.0
cost 45.400 45.160 44.920 44.820 44.750 44.510 44.310 44.260 43.560 43.550 43.340 43.060 43.000 42.790 42.680 42.560 42.440 41.960 41.720 41.650 41.460 41.220 41.100 41.020 40.780 40.560 40.400 40.280 40.180 39.980 39.700 39.460 39.420 39.260 39.100 38.900 38.860 38.620 38.320 38.240 38.020 37.880 37.720 37.600 37.500 37.340 37.140 37.080 37.060 36.980 
makespan 1594.586 1685.425 1686.987 1709.133 1867.674 1891.359 1899.973 1957.564 2058.538 2095.308 2194.706 2275.177 2290.079 2334.172 2488.128 2540.616 2605.949 2788.524 2829.387 3553.273 3804.220 3826.403 3887.142 4009.809 4033.494 4072.974 4314.903 4354.383 4490.726 4547.096 4765.173 4789.119 4845.489 4990.040 5015.707 5021.435 5295.663 5319.828 5554.551 5576.165 5611.424 5642.158 5897.293 5959.718 6902.270 6919.822 6991.133 10528.080 13417.396 13495.036 
EMS Epigenomics47_1.0
cost 102.740 102.460 100.940 98.500 98.280 97.580 97.280 96.760 96.560 95.680 94.280 93.480 93.200 92.080 91.980 91.280 91.000 90.900 90.020 89.780 87.900 87.000 86.600 86.500 86.400 86.300 
makespan 4094.544 4195.466 4473.177 4974.491 6194.394 6296.329 6354.980 6359.340 7164.991 8097.525 8383.172 8489.810 8494.170 10840.190 10845.845 11224.038 11238.175 14141.100 15887.450 17099.987 17908.010 19120.547 19570.150 19581.050 22483.975 25318.888 
GRPHEFT Epigenomics47_1.0
cost 98.000 86.800 
makespan 3864.120 9660.300 
HMBR Epigenomics47_1.0
cost 103.540 103.280 102.890 102.760 102.440 102.420 101.620 100.700 100.040 98.740 98.220 96.560 89.360 86.700 86.560 86.480 
makespan 2208.069 2223.412 2495.697 2499.941 2523.277 2540.403 2764.146 2982.066 2989.190 3655.469 4005.339 5795.354 8548.857 9776.834 39511.736 51673.357 
MOELS Epigenomics47_1.0
cost 104.080 103.800 103.560 103.280 102.840 102.820 102.420 102.400 101.920 101.620 101.540 101.040 100.760 100.590 100.240 99.480 99.280 98.980 98.860 98.060 97.960 97.680 97.140 97.020 96.580 96.540 96.160 95.920 95.580 94.820 94.060 93.820 93.700 92.720 91.600 90.200 89.960 89.000 88.960 88.880 88.800 87.120 87.100 87.080 86.700 86.600 86.420 86.400 86.380 86.360 
makespan 2219.160 2220.483 2223.195 2233.961 2438.793 2443.071 2452.862 2490.430 2661.042 2728.250 2758.353 2801.501 2808.025 2819.094 2884.918 2926.303 3135.084 3289.465 3532.289 3584.568 3645.701 3829.945 3983.877 4063.086 4308.269 4308.674 4344.662 4781.276 5160.151 5280.967 5360.285 5710.420 5779.407 5928.853 6228.642 6329.070 6679.204 6849.856 6916.496 7736.622 7752.790 8502.443 8525.029 9622.763 9727.516 9814.255 11507.285 14976.871 51562.524 51667.134 
MOHEFT Epigenomics47_1.0
cost 100.080 99.840 99.120 98.240 95.840 95.060 93.380 92.500 91.260 90.500 89.880 89.640 87.880 86.780 86.580 
makespan 4408.174 4758.573 5859.675 6716.153 7268.504 8198.428 8296.430 9152.908 9647.783 11259.787 14383.845 14733.714 15820.914 17454.274 20928.367 
RSGA2 Epigenomics47_1.0
cost 103.540 103.280 102.880 102.520 102.200 101.840 101.040 100.720 100.080 99.840 99.480 99.200 98.780 98.520 97.980 97.860 97.240 96.980 96.440 96.020 95.930 95.720 95.360 94.300 93.800 93.610 93.480 92.900 92.560 92.300 91.810 91.600 90.970 90.720 90.310 89.840 89.220 88.980 88.840 88.740 88.260 87.780 87.300 87.260 87.060 87.000 86.820 86.580 86.400 86.300 
makespan 2208.069 2217.275 2373.272 2407.941 2654.189 2695.986 2763.075 2791.978 2805.921 2868.909 2936.741 3237.721 3478.316 3532.717 3599.181 3951.224 3974.411 4204.932 4271.644 4722.298 5076.405 5089.504 5219.709 5239.236 5336.433 5694.225 5709.914 5894.433 6135.156 6200.195 6206.780 6217.893 6283.253 6294.024 6310.459 6419.713 6443.755 6799.370 6886.172 7564.197 8008.832 8018.753 8064.378 8157.665 8423.212 9015.029 9649.079 9772.419 10316.454 16493.095 
EMS Epigenomics100_1.0
cost 876.500 868.000 867.760 867.680 867.640 864.260 864.020 863.900 861.800 861.560 861.480 856.080 855.840 855.760 844.620 844.380 844.300 844.260 843.860 843.620 843.540 843.500 842.020 841.780 841.700 841.680 841.600 841.560 841.500 841.460 841.400 841.360 841.300 841.260 841.200 841.160 841.100 841.060 841.000 840.960 840.900 840.860 840.800 840.760 840.700 840.660 840.600 840.560 840.500 840.460 
makespan 27246.944 27251.503 27259.948 27289.505 27305.645 28491.721 28499.542 28543.883 31138.427 31145.981 31172.419 31280.906 31288.580 31315.437 31322.507 31335.227 31379.233 31404.795 32662.867 32676.324 32720.155 32743.388 37353.913 37366.990 37410.638 53783.881 53832.601 53860.376 54521.410 57211.696 73603.259 74316.521 93683.909 93707.871 113851.647 113875.608 138035.760 152863.696 171337.223 177048.344 214588.710 214613.206 259957.673 262075.419 301663.394 316128.056 360453.321 360479.869 458621.046 487969.907 
GRPHEFT Epigenomics100_1.0
cost 944.720 841.600 
makespan 14936.625 37341.562 
HMBR Epigenomics100_1.0
cost 995.310 995.240 995.160 993.520 993.000 992.840 990.880 988.840 988.820 988.310 986.860 986.740 984.140 977.660 971.780 960.340 959.580 946.360 931.820 891.640 846.120 841.160 840.620 840.460 
makespan 8535.214 8544.481 8545.410 8565.859 8565.919 8671.880 8672.155 8899.797 8955.283 9204.733 9216.457 9217.684 9811.281 10635.892 11865.052 12563.262 14702.116 14971.290 25153.154 28593.815 37417.796 122274.664 504226.912 504230.117 
MOELS Epigenomics100_1.0
cost 995.160 993.000 990.880 988.560 986.700 984.560 982.660 980.380 977.940 975.140 972.700 970.460 967.500 964.580 963.500 958.940 952.900 951.020 948.520 946.000 942.960 939.980 936.920 933.160 929.420 920.800 917.080 913.520 911.560 907.840 903.700 903.280 899.560 895.460 894.520 880.560 870.920 869.820 860.380 856.280 855.520 850.120 849.360 847.620 841.640 841.120 840.760 840.640 840.540 840.460 
makespan 8536.840 8584.731 8672.082 8900.642 8969.240 9147.829 9642.542 9765.853 10116.508 10588.247 10876.610 10900.780 10909.797 11813.174 11845.179 11856.607 12508.431 13751.459 14698.374 15282.039 16300.428 16370.264 18177.743 18316.020 19202.231 19547.983 19648.266 20220.874 20227.524 21319.202 21707.007 22569.305 22571.005 22615.272 23795.870 26688.670 26810.855 28535.391 28535.728 28548.202 29888.561 31181.953 32522.995 37213.358 37387.296 47496.117 54109.126 68463.496 94502.908 504227.191 
MOHEFT Epigenomics100_1.0
cost 957.420 954.920 952.660 937.840 935.860 931.680 916.740 910.980 908.480 877.580 874.980 872.000 867.330 851.790 849.370 848.910 845.850 844.370 843.850 840.550 
makespan 24974.665 31006.493 35518.739 36006.777 42038.605 44786.266 47168.649 56749.722 62781.550 91469.341 97500.747 111948.773 130157.025 131358.584 137405.520 155221.153 169661.253 176859.981 199987.048 207675.590 
RSGA2 Epigenomics100_1.0
cost 995.310 992.070 987.130 981.120 980.880 974.460 970.620 966.120 965.600 960.070 957.310 954.730 950.540 950.080 944.460 941.530 937.400 930.820 924.570 920.380 916.150 912.110 908.350 904.100 896.910 895.550 890.920 886.620 882.140 878.790 877.530 873.760 871.980 867.500 867.300 861.710 857.960 855.560 852.140 850.340 845.220 843.730 841.860 841.660 841.280 840.940 840.880 840.560 840.500 840.460 
makespan 8535.214 8678.712 8921.889 9731.790 9738.646 10551.871 10875.040 11480.844 11484.970 11798.743 11983.880 12525.058 13534.978 13582.966 15642.520 18061.769 18287.552 18512.905 18930.440 19491.598 19554.945 20144.504 21213.825 21664.307 22492.859 23513.986 23682.236 24377.382 24457.605 25990.501 26045.906 26625.161 26689.301 26760.799 26801.340 27290.905 28476.192 29864.374 31125.515 31174.809 31265.693 33675.887 38366.131 44925.946 54727.651 64398.043 95014.809 100395.109 234090.095 372286.767 
EMS Inspiral30_1.0
cost 18.040 17.160 16.920 16.680 16.400 16.040 15.660 15.620 15.380 15.280 15.260 15.160 15.120 15.040 14.100 13.900 13.800 
makespan 735.871 844.093 983.546 1301.552 1379.529 1614.458 1851.705 2242.057 2408.615 2417.425 2486.390 2513.100 2903.452 3163.047 3692.177 4916.100 6472.362 
GRPHEFT Inspiral30_1.0
cost 16.500 
makespan 1668.975 
HMBR Inspiral30_1.0
cost 19.240 18.720 18.200 18.150 17.980 17.960 17.800 17.760 17.300 16.900 16.580 16.560 16.240 15.960 15.860 15.740 15.680 15.480 14.840 14.760 14.480 14.180 14.040 
makespan 381.480 381.492 381.596 384.224 384.832 386.667 396.275 400.536 479.225 558.315 615.117 621.494 775.102 1035.408 1087.373 1097.250 1107.649 1273.048 1517.653 1715.917 2045.972 2493.362 2858.628 
MOELS Inspiral30_1.0
cost 18.000 17.750 17.680 17.640 17.160 17.140 17.040 16.940 16.820 16.700 16.680 16.460 16.380 16.340 16.220 16.200 16.100 16.060 16.020 15.920 15.860 15.820 15.740 15.700 15.680 15.640 15.560 15.260 15.200 15.180 14.860 14.840 14.800 14.720 14.540 14.440 14.420 14.360 14.240 14.140 14.100 14.080 14.060 14.020 14.000 13.920 13.900 
makespan 381.728 381.844 383.347 385.642 386.562 479.700 507.393 511.444 512.102 525.043 554.647 568.608 583.838 613.415 672.156 697.583 740.108 743.822 814.571 817.456 821.373 882.955 892.833 938.045 1033.112 1055.343 1084.585 1124.181 1314.724 1346.222 1354.974 1415.901 1460.075 1505.282 1529.066 1582.429 1667.960 1681.294 1752.073 1768.226 2122.951 2168.923 2400.430 2452.535 2837.118 2842.469 2968.368 
MOHEFT Inspiral30_1.0
cost 18.260 17.800 17.280 16.760 16.620 16.520 15.830 15.510 15.470 14.520 14.440 14.350 14.200 
makespan 448.013 713.539 713.613 758.774 919.880 1165.775 1191.345 1278.688 1520.335 1834.668 2179.523 2583.256 2584.262 
RSGA2 Inspiral30_1.0
cost 17.230 17.140 17.120 17.070 17.020 16.910 16.860 16.840 16.720 16.560 16.510 16.400 16.330 16.280 16.260 16.130 16.060 15.940 15.880 15.760 15.740 15.720 15.700 15.590 15.580 15.540 15.520 15.400 15.380 15.330 15.180 15.160 15.060 14.980 14.900 14.860 14.600 14.500 14.420 14.410 14.260 14.210 14.100 14.080 14.060 14.040 14.030 13.980 13.960 
makespan 381.482 389.341 392.287 469.781 474.459 479.526 488.644 503.561 521.631 529.957 597.690 621.546 678.841 693.348 700.322 703.133 713.909 720.087 808.582 808.947 816.069 851.700 852.065 919.820 923.820 924.312 931.800 993.285 1000.773 1048.407 1049.666 1237.933 1242.737 1361.386 1436.057 1457.789 1477.956 1499.015 1528.731 1567.626 1569.028 1665.266 1669.894 1677.323 2084.974 2092.403 2696.244 2700.702 2708.131 
EMS Inspiral50_1.0
cost 30.140 29.620 29.500 29.340 29.310 29.120 28.920 28.520 28.240 28.020 27.960 27.660 27.600 27.560 27.520 26.660 26.540 26.460 26.450 26.400 26.240 26.120 26.060 25.640 25.470 25.220 25.200 25.000 24.880 24.800 24.780 24.760 24.750 24.680 24.660 24.600 24.580 
makespan 1039.678 1045.052 1127.386 1163.119 1175.095 1317.528 1323.688 2184.111 2185.256 2187.456 2198.890 2258.689 2367.512 2588.202 2693.189 2876.610 2877.693 2878.810 2976.428 3033.072 3277.966 3870.802 4300.215 4588.094 4649.998 4657.207 4957.422 5254.191 5505.566 5997.379 7727.300 8031.500 8519.786 8523.313 9604.325 11177.400 11644.088 
GRPHEFT Inspiral50_1.0
cost 29.900 
makespan 1763.500 
HMBR Inspiral50_1.0
cost 35.360 34.840 34.320 34.120 33.080 32.840 32.680 32.000 31.520 31.400 30.420 29.840 29.680 29.460 29.080 28.260 28.120 27.840 26.880 26.840 26.700 26.420 26.300 26.120 25.680 25.560 25.200 24.920 24.840 24.740 
makespan 403.086 403.088 403.097 404.546 406.035 483.058 557.497 557.507 560.579 571.544 652.371 703.866 783.210 794.324 1006.382 1147.338 1339.749 1341.766 1405.870 1657.558 1697.805 1740.444 1758.064 1890.725 1948.921 2057.201 3098.913 8928.891 13062.956 13602.176 
MOELS Inspiral50_1.0
cost 32.240 32.200 32.000 31.720 31.360 31.170 30.730 30.570 30.210 30.020 29.810 29.560 29.280 28.960 28.780 28.580 28.440 28.280 28.120 28.040 27.880 27.820 27.700 27.540 27.440 27.340 27.120 27.060 26.880 26.740 26.500 26.320 26.160 25.960 25.800 25.620 25.440 25.220 25.200 25.100 25.080 25.000 24.900 24.880 24.780 24.760 24.720 24.680 24.660 24.600 
makespan 407.272 407.742 408.386 410.299 464.048 490.175 494.466 513.325 532.760 623.103 675.274 701.315 730.362 772.895 813.283 875.201 907.712 931.123 936.484 1065.808 1069.001 1136.519 1163.600 1232.282 1304.012 1309.562 1321.729 1383.816 1403.167 1450.604 1508.552 1531.240 1649.143 1667.272 1691.617 1724.831 1748.253 1801.420 1948.083 1994.890 2247.050 2367.924 2491.443 2857.352 3068.398 9756.650 10045.693 10137.922 10915.496 12868.186 
MOHEFT Inspiral50_1.0
cost 30.630 30.110 29.440 27.820 27.380 27.100 26.840 26.600 26.540 25.210 25.130 25.050 25.040 24.890 24.850 
makespan 816.946 820.821 1086.852 1152.285 1235.100 1370.755 1602.724 1695.202 2435.181 2694.140 3171.310 3523.315 4365.680 4366.877 4712.340 
RSGA2 Inspiral50_1.0
cost 31.200 31.040 29.700 29.610 29.540 29.460 29.330 29.230 29.010 28.900 28.790 28.720 28.540 28.390 28.300 28.150 28.090 28.060 27.790 27.660 27.500 27.440 27.420 27.270 27.120 27.060 26.940 26.820 26.690 26.570 26.450 26.290 26.150 26.080 25.900 25.860 25.680 25.620 25.490 25.440 25.280 25.200 25.180 25.080 24.980 24.780 24.700 24.680 24.600 24.580 
makespan 403.086 452.708 541.239 559.628 625.869 630.939 701.505 702.564 712.691 736.476 754.979 766.750 840.784 841.015 844.927 862.203 882.169 971.623 976.422 1038.167 1042.320 1078.162 1188.228 1192.341 1213.952 1248.676 1271.390 1337.591 1376.257 1432.106 1488.620 1489.253 1525.126 1530.602 1542.063 1566.748 1605.978 1720.095 1729.145 1733.670 1770.771 1882.151 1998.050 1998.248 2039.362 3074.154 5183.838 5207.138 6595.293 6955.706 
EMS Inspiral100_1.0
cost 60.080 58.050 57.530 57.030 56.810 56.330 55.430 55.230 54.910 54.590 54.170 53.280 52.900 52.260 51.760 51.460 51.250 51.100 50.780 50.170 49.690 49.130 48.710 48.300 48.240 48.000 47.740 47.260 47.100 47.060 46.980 46.920 46.880 46.820 46.780 46.720 45.360 45.040 44.700 44.680 44.600 44.580 44.400 44.380 44.300 44.200 44.100 44.080 44.000 43.900 
makespan 1165.907 1169.807 1171.027 1175.145 1175.380 1178.248 1191.457 1319.294 1371.901 1411.197 1445.572 1446.847 1469.815 1475.960 1616.180 1884.104 1884.307 2177.912 2313.430 2413.543 2414.908 2472.373 2559.419 2588.050 2806.775 3665.647 3669.599 3715.954 4798.100 5124.750 5451.062 5748.413 5878.425 6175.775 7070.325 7367.675 7462.466 7473.650 7663.613 8270.975 8277.088 8859.063 9110.300 10126.463 10132.575 10723.056 10917.788 11995.862 11998.263 12597.775 
GRPHEFT Inspiral100_1.0
cost 62.720 53.400 
makespan 666.380 1665.950 
HMBR Inspiral100_1.0
cost 63.880 63.360 63.040 62.990 62.980 62.600 62.050 61.880 61.440 61.360 60.420 60.280 59.250 58.830 58.460 56.880 56.040 55.410 54.860 54.660 53.390 52.170 52.070 51.540 51.080 50.990 50.800 50.140 49.640 49.620 47.220 45.440 45.140 44.500 44.340 
makespan 380.789 380.793 380.858 381.103 381.108 381.124 381.373 382.266 382.718 383.216 384.983 417.851 442.837 443.597 452.223 488.135 502.262 556.643 605.558 612.314 677.873 907.880 959.730 1027.921 1040.636 1132.738 1365.863 1437.483 1535.903 1660.808 1748.203 3018.377 5104.340 21422.261 21958.980 
MOELS Inspiral100_1.0
cost 59.360 59.000 58.240 57.720 57.360 57.120 56.800 56.560 56.120 55.800 55.620 54.670 54.230 53.920 53.760 53.340 53.120 52.810 52.500 52.160 51.980 51.500 51.080 50.760 50.630 50.090 49.750 49.300 49.130 48.880 48.620 48.320 47.900 47.140 47.020 46.740 46.440 46.060 45.780 45.480 45.120 44.860 44.600 44.360 44.340 44.260 44.180 44.160 44.080 44.020 
makespan 385.135 385.140 385.214 385.217 391.115 396.286 405.002 414.044 438.233 441.249 444.875 489.374 500.560 526.412 528.350 570.048 586.386 587.503 604.930 716.373 770.075 812.058 857.446 922.186 1046.374 1061.090 1195.639 1205.457 1285.464 1345.994 1355.328 1422.638 1494.704 1506.698 1663.375 1679.537 1809.383 1896.735 1931.174 2088.579 2165.266 2527.042 2729.870 2924.961 3364.136 3665.736 4042.431 5070.170 5253.270 23754.127 
MOHEFT Inspiral100_1.0
cost 55.170 53.890 52.990 52.280 51.410 51.330 50.990 50.470 49.520 48.980 48.150 47.990 47.470 46.410 46.200 45.850 45.760 45.660 45.380 44.440 
makespan 746.006 826.284 985.803 1114.270 1226.276 1238.901 1480.585 1491.537 1536.977 1582.235 1765.642 2143.140 2144.181 2257.600 2453.147 2586.280 3171.163 3443.062 3446.623 3880.184 
RSGA2 Inspiral100_1.0
cost 57.100 56.600 56.250 55.830 55.580 55.280 54.010 53.620 53.300 52.930 52.800 52.370 52.190 51.960 51.500 51.030 50.780 50.640 50.420 49.890 49.420 49.240 48.960 48.650 48.230 48.050 47.730 47.270 46.840 46.450 46.150 46.030 45.850 45.720 45.460 45.380 45.140 45.110 44.810 44.610 44.460 44.450 44.310 44.280 44.180 44.160 44.060 43.980 43.960 43.880 
makespan 380.789 402.358 403.570 416.093 445.008 446.144 494.920 513.142 604.727 605.549 614.606 743.341 838.639 838.909 910.914 917.762 919.980 994.005 1009.322 1114.633 1124.751 1148.609 1195.095 1200.164 1210.412 1373.178 1386.786 1502.889 1511.443 1518.583 1645.022 1770.923 1777.598 1946.969 1986.320 2067.906 2074.929 2541.872 2555.211 2605.307 2923.450 3512.949 4012.557 4522.506 4892.089 5659.890 5919.500 7846.579 11903.324 14359.142 
EMS Montage25_1.0
cost 4.680 4.440 4.200 3.960 3.720 3.680 3.440 3.160 2.920 2.680 2.440 2.310 2.270 2.030 1.880 1.790 1.750 1.510 1.360 1.180 1.080 1.000 0.920 0.870 0.770 0.670 0.600 0.560 0.500 
makespan 17.373 20.132 20.174 20.255 20.278 20.289 20.335 23.292 24.287 26.247 26.398 28.593 29.315 29.761 32.764 35.761 36.650 36.801 41.200 42.480 45.086 46.033 48.519 49.793 52.809 56.326 58.422 113.875 284.688 
GRPHEFT Montage25_1.0
cost 4.680 4.160 3.640 3.120 2.600 2.080 1.710 1.560 1.340 1.190 1.040 0.990 0.820 
makespan 17.373 20.150 20.238 20.317 20.357 24.144 28.318 29.331 33.191 35.194 35.911 45.592 50.760 
HMBR Montage25_1.0
cost 4.680 4.160 3.120 2.600 2.480 1.560 1.360 1.120 0.920 0.730 0.630 0.560 
makespan 17.372 18.114 20.288 20.318 27.211 28.019 29.897 41.386 48.215 54.053 73.949 77.522 
MOELS Montage25_1.0
cost 4.680 4.160 3.640 3.120 2.600 2.360 2.080 1.840 1.560 1.360 1.320 1.230 1.080 1.050 0.900 0.800 0.730 0.680 0.660 0.580 0.560 
makespan 17.372 18.074 20.143 20.240 20.289 21.872 22.791 25.954 27.950 28.804 30.996 34.639 34.930 40.784 43.052 46.631 53.537 58.613 72.219 72.532 76.340 
MOHEFT Montage25_1.0
cost 2.880 2.360 2.120 1.880 1.640 1.510 1.360 1.080 0.800 0.680 
makespan 20.742 21.759 26.649 30.894 31.463 32.414 34.044 35.911 46.849 59.106 
RSGA2 Montage25_1.0
cost 4.680 4.160 3.640 3.120 2.600 2.360 2.080 1.840 1.560 1.470 1.320 1.180 1.080 0.990 0.920 0.840 0.810 0.760 0.710 0.680 0.660 0.630 0.580 0.560 0.550 0.500 
makespan 17.372 18.108 20.190 20.240 20.274 21.854 24.267 26.842 28.068 30.182 30.956 40.102 40.647 45.319 48.165 49.647 51.417 53.875 53.926 56.776 61.692 70.970 73.502 77.637 214.058 284.688 
EMS Montage50_1.0
cost 14.560 14.040 13.560 13.320 12.840 12.600 12.360 12.120 11.880 11.400 11.120 10.640 10.400 9.880 9.400 9.120 8.840 8.470 8.080 7.710 7.190 6.930 6.670 6.370 6.060 5.820 5.530 5.290 5.090 4.770 4.570 4.270 3.960 3.720 3.440 3.070 2.810 2.570 2.500 2.190 2.030 1.860 1.650 1.460 1.440 1.360 1.280 1.220 1.160 1.100 
makespan 20.022 20.926 22.761 22.803 22.828 22.864 22.883 22.909 22.931 22.934 22.935 22.943 22.948 22.953 22.979 23.012 26.030 28.113 28.183 28.204 28.223 28.228 28.314 32.226 33.983 34.003 38.136 38.972 42.257 42.293 42.374 44.856 48.883 49.104 49.635 56.193 56.994 76.326 81.980 88.395 96.920 105.768 111.940 117.738 214.640 223.570 230.465 536.600 576.162 635.800 
GRPHEFT Montage50_1.0
cost 14.560 14.040 13.520 13.000 12.480 11.960 11.440 10.920 10.400 9.880 9.360 8.840 8.320 7.800 7.280 6.760 6.240 5.720 5.200 4.680 4.460 4.310 3.940 3.640 3.420 3.120 2.900 2.600 2.380 2.080 1.860 1.560 
makespan 20.022 20.723 22.785 22.812 22.846 22.854 22.869 22.893 22.903 22.916 22.930 22.962 22.971 22.980 23.001 25.838 25.878 25.940 25.986 26.780 28.869 28.898 30.385 30.752 35.568 35.609 38.686 39.603 42.766 44.833 54.630 57.695 
HMBR Montage50_1.0
cost 14.560 14.040 13.520 13.000 11.440 7.520 7.280 6.960 6.640 3.640 3.120 2.640 2.540 2.340 1.960 1.560 1.540 1.460 1.400 1.320 1.280 1.200 
makespan 20.013 20.731 20.814 20.840 22.869 23.004 23.022 23.766 23.886 31.360 35.085 43.812 46.037 46.237 54.115 87.753 132.751 132.836 136.091 247.275 258.296 847.733 
MOELS Montage50_1.0
cost 14.560 14.040 13.520 13.000 12.480 11.960 10.920 10.400 9.880 9.360 8.840 8.320 7.800 7.320 7.040 6.960 6.560 6.320 6.240 6.000 5.720 5.480 5.200 4.960 4.680 4.440 4.160 3.940 3.640 3.550 3.270 3.120 2.880 2.600 2.360 2.180 1.920 1.740 1.690 1.630 1.530 1.470 1.460 1.440 1.400 1.320 1.300 1.280 1.240 1.160 
makespan 20.022 20.743 20.811 20.820 20.874 22.851 22.906 22.930 22.958 22.960 22.985 22.996 23.007 23.370 23.757 23.828 23.854 23.923 25.801 25.927 25.975 26.017 26.047 26.763 26.820 26.908 26.968 29.959 30.563 33.480 33.619 34.830 36.673 38.873 41.815 43.751 47.844 52.770 57.688 69.785 73.115 78.989 80.469 134.482 141.046 141.695 205.072 244.594 263.263 335.835 
MOHEFT Montage50_1.0
cost 14.560 13.520 11.440 7.840 6.400 5.520 4.480 3.690 2.720 2.520 1.960 1.860 1.820 1.520 1.420 
makespan 20.022 22.794 22.869 22.994 25.926 34.000 34.108 40.521 42.986 52.237 56.415 76.439 84.692 97.983 107.715 
RSGA2 Montage50_1.0
cost 14.560 14.040 13.520 13.000 12.480 11.960 11.720 11.240 10.960 10.720 10.440 10.000 9.720 9.480 9.000 8.720 8.480 8.240 7.880 7.520 7.240 6.880 6.600 6.240 6.000 5.480 5.200 4.960 4.680 4.440 4.160 3.790 3.550 3.270 2.980 2.680 2.300 2.070 1.870 1.720 1.480 1.440 1.340 1.240 1.220 1.200 1.160 1.140 1.100 1.080 
makespan 20.013 20.714 20.780 20.797 20.851 20.889 22.761 22.864 22.865 22.893 22.912 22.934 22.938 22.943 22.953 22.954 22.977 22.979 22.980 23.036 23.763 23.831 23.886 25.932 25.936 26.012 26.013 26.078 26.891 28.142 29.025 29.875 34.873 34.934 37.945 39.566 42.164 45.760 53.702 57.375 60.074 100.800 106.762 118.942 231.650 339.722 391.666 404.954 471.454 536.150 
EMS Montage100_1.0
cost 32.240 31.520 30.560 29.600 28.600 28.320 27.360 26.880 25.880 25.400 24.680 23.960 23.440 22.680 22.240 21.200 20.330 19.600 18.730 17.730 17.230 16.680 16.140 15.140 14.870 13.470 12.350 11.430 10.750 9.900 9.240 8.590 7.610 6.740 6.180 5.620 5.340 4.720 4.120 3.780 3.600 3.420 3.360 3.160 2.840 2.760 2.520 2.440 2.360 2.300 
makespan 24.360 27.164 27.170 27.183 27.194 27.198 27.215 27.228 27.241 27.248 27.248 27.249 27.252 27.307 27.313 27.348 32.478 32.490 32.503 32.543 32.571 36.464 36.478 36.553 41.853 43.015 52.631 54.303 57.241 62.740 66.678 84.322 88.046 91.091 106.861 108.252 128.797 140.058 159.211 177.306 225.660 237.771 273.494 280.643 296.243 518.425 539.670 1296.062 1315.087 1349.175 
GRPHEFT Montage100_1.0
cost 32.240 31.720 31.200 30.680 30.160 29.640 29.120 28.600 28.080 27.560 27.040 26.520 26.000 25.480 24.960 24.440 23.920 23.400 22.880 22.360 21.840 21.320 20.800 20.280 19.760 19.240 18.720 18.200 17.680 17.160 16.640 16.120 15.600 15.080 14.560 14.040 13.520 13.000 12.480 11.960 11.440 10.920 10.400 10.180 10.030 9.660 9.360 9.140 8.840 8.470 8.250 7.950 7.580 7.280 7.060 6.760 6.390 6.170 5.870 5.500 5.200 4.980 4.680 4.310 4.090 3.790 
makespan 24.360 25.134 25.168 25.188 27.103 27.118 27.132 27.144 27.159 27.168 27.178 27.183 27.186 27.192 27.197 27.215 27.228 27.240 27.245 27.246 27.253 27.259 27.264 27.267 27.270 27.270 27.273 27.279 27.283 27.292 27.308 27.317 28.191 30.177 30.200 30.214 30.248 30.267 30.279 30.290 30.299 30.312 31.202 32.358 33.225 33.257 33.274 33.283 33.295 33.310 34.712 35.074 39.229 39.822 39.917 39.931 40.954 43.048 43.065 45.903 46.100 47.079 49.150 50.222 56.870 58.924 
HMBR Montage100_1.0
cost 32.240 31.720 31.200 30.680 23.920 17.160 16.120 16.080 15.600 9.440 8.520 6.760 6.340 5.720 5.660 4.200 3.640 3.550 3.480 3.260 3.180 3.020 2.800 2.680 2.660 2.400 
makespan 24.345 25.134 25.205 27.103 27.225 27.292 27.318 28.288 28.302 33.239 39.796 39.956 40.969 46.396 63.299 67.958 72.231 106.275 106.967 113.585 226.190 247.325 271.376 323.214 386.450 1798.900 
MOELS Montage100_1.0
cost 32.240 31.720 30.680 30.160 29.640 27.560 27.040 24.960 22.880 22.360 20.800 20.280 19.760 18.720 16.640 16.120 15.600 15.080 14.600 14.040 13.440 12.760 12.240 11.720 11.280 10.680 10.280 9.440 8.880 8.320 7.800 6.760 6.120 5.680 5.340 4.790 4.620 4.260 3.920 3.360 3.260 3.080 2.960 2.940 2.720 2.640 2.600 2.580 2.560 2.400 
makespan 24.360 25.182 25.188 25.217 27.102 27.196 27.232 27.240 27.267 27.274 27.289 27.297 27.307 27.315 27.341 27.344 28.211 28.274 30.177 30.224 30.247 30.293 30.309 30.341 30.382 31.251 32.426 33.108 33.267 33.291 35.074 39.997 42.341 46.380 49.046 49.228 51.466 52.462 68.601 74.710 106.575 115.057 208.113 236.761 259.893 285.101 336.057 356.115 533.220 1798.900 
MOHEFT Montage100_1.0
cost 17.280 16.760 15.880 13.920 11.680 11.160 9.790 8.970 7.930 7.430 5.350 5.270 4.930 4.780 4.190 3.470 2.950 2.860 2.820 2.670 
makespan 27.675 30.009 30.254 30.316 32.367 34.701 36.588 43.638 43.690 53.006 58.272 88.110 105.273 105.279 117.536 163.484 187.427 245.595 302.890 319.537 
RSGA2 Montage100_1.0
cost 32.240 31.720 31.200 30.440 29.480 28.440 27.920 26.920 25.960 25.160 24.320 23.720 23.000 22.280 20.840 20.000 19.480 18.520 17.720 16.920 16.120 15.080 14.600 13.480 12.840 12.360 11.800 11.150 10.500 9.400 8.980 8.430 7.560 7.040 6.240 5.520 4.800 4.080 3.600 3.590 3.310 2.830 2.780 2.620 2.600 2.520 2.450 2.400 2.360 2.320 
makespan 24.345 25.157 25.220 27.119 27.133 27.154 27.187 27.192 27.198 27.203 27.212 27.218 27.228 27.249 27.251 27.261 27.280 27.286 27.289 27.297 27.318 30.263 30.272 30.291 30.311 30.312 32.441 32.444 32.579 33.274 36.642 37.606 39.780 39.931 42.358 48.928 50.695 56.443 65.443 96.071 105.593 113.301 181.186 202.688 278.897 297.825 632.200 687.925 717.788 1019.925 
EMS Sipht29_1.0
cost 15.120 14.040 13.960 13.800 13.240 13.160 13.060 11.600 
makespan 1259.692 1272.266 1276.206 1552.559 2226.465 2233.361 2741.819 5566.162 
GRPHEFT Sipht29_1.0
cost 14.710 13.590 11.700 
makespan 1259.692 2204.462 5511.154 
HMBR Sipht29_1.0
cost 13.680 13.520 13.080 12.980 12.920 11.660 11.580 
makespan 1259.692 1702.716 1912.012 1912.023 1913.547 5517.424 5625.242 
MOELS Sipht29_1.0
cost 13.680 13.520 13.340 13.020 12.920 12.480 12.380 12.220 11.680 11.660 11.600 11.580 
makespan 1259.692 1702.716 1889.788 1912.012 1912.023 3328.185 3328.197 4150.625 5511.197 5519.267 5523.012 5625.074 
MOHEFT Sipht29_1.0
cost 13.680 13.440 13.360 13.020 12.900 12.890 12.630 12.480 12.360 12.220 12.180 11.900 11.660 
makespan 1259.692 1806.890 1809.591 1912.012 2259.973 3222.635 3327.728 3328.185 3719.282 4095.038 5197.052 5198.599 5569.487 
RSGA2 Sipht29_1.0
cost 13.620 13.600 13.520 13.360 13.260 13.240 12.980 12.920 12.800 12.760 12.720 12.700 12.680 12.550 12.440 12.380 12.360 12.340 12.260 12.220 12.140 12.110 12.040 11.950 11.880 11.860 11.730 11.600 11.580 
makespan 1259.692 1697.990 1702.716 1806.718 1806.740 1889.788 1912.012 1913.547 2226.685 2266.136 3222.921 3305.962 3326.638 3327.728 3328.185 3329.720 3750.692 4060.130 4064.856 4095.038 4426.240 5038.631 5039.088 5143.895 5144.353 5509.607 5510.697 5511.154 5581.415 
EMS Sipht58_1.0
cost 29.600 27.920 27.310 27.090 26.920 26.900 26.860 26.620 26.580 26.460 26.420 24.500 24.480 24.400 24.380 24.360 
makespan 1325.635 2319.861 3043.958 3046.820 3057.152 3081.137 3329.705 3348.737 3631.615 4992.483 5275.346 5799.653 5809.862 7484.631 7494.840 12234.967 
GRPHEFT Sipht58_1.0
cost 28.710 28.430 24.500 
makespan 2319.861 2323.431 5799.653 
HMBR Sipht58_1.0
cost 29.140 29.060 28.960 28.900 28.420 28.320 27.920 27.260 26.540 26.060 25.960 25.940 25.340 24.620 24.500 24.400 
makespan 1325.635 1329.828 1387.929 1410.189 1606.477 1710.699 1840.268 2697.196 3044.870 3410.856 3542.468 3573.867 4818.257 5801.058 5819.827 5860.219 
MOELS Sipht58_1.0
cost 29.140 29.060 29.040 28.740 28.320 28.040 27.760 27.680 27.320 27.240 26.860 26.620 26.540 26.420 26.060 25.980 25.880 25.680 25.640 25.560 25.200 25.140 24.700 24.660 24.420 24.360 24.340 
makespan 1325.635 1329.795 1348.937 1410.189 1606.477 1710.699 1840.268 1859.813 2319.891 2322.961 2611.081 2898.455 3044.870 3224.085 3347.153 3352.822 3542.468 3593.882 3602.581 4421.954 4600.597 4601.946 4816.852 4869.596 5799.653 5801.686 5825.955 
MOHEFT Sipht58_1.0
cost 29.220 29.060 28.660 28.300 27.920 27.640 27.160 26.720 26.540 26.460 25.940 25.720 25.380 24.800 24.780 24.420 
makespan 1325.635 1339.257 1606.477 1912.350 2167.310 2442.563 2627.443 3043.894 3270.525 3572.844 3573.836 4246.554 4657.532 4816.852 5798.276 5810.896 
RSGA2 Sipht58_1.0
cost 29.140 29.060 29.040 28.960 28.540 28.020 27.840 27.820 27.760 27.680 27.420 27.400 27.200 27.100 26.740 26.730 26.720 26.540 26.440 26.360 26.320 26.230 26.210 26.080 26.000 25.820 25.560 25.500 25.320 25.100 25.040 24.860 24.760 24.630 24.580 24.560 24.520 24.500 24.480 24.440 24.420 24.400 
makespan 1325.635 1329.261 1414.483 1419.609 1537.933 1606.117 1840.268 1841.244 2120.402 2319.531 2319.891 2319.949 2401.215 2427.683 2741.552 2786.924 2940.563 3043.894 3044.811 3073.528 3240.133 3250.194 3251.035 3347.153 3375.871 3542.468 3592.505 4441.782 4527.396 4592.029 4602.857 4816.852 5574.888 5799.253 5799.697 5800.555 5800.598 5803.488 5807.328 5809.885 5810.671 11509.828 
EMS Sipht97_1.0
cost 44.200 43.680 43.120 42.800 42.520 42.240 41.720 41.440 41.160 40.860 40.000 39.800 39.200 39.060 36.600 36.500 36.400 36.300 36.260 
makespan 1278.562 1305.968 1675.188 2100.878 2101.322 2115.936 2237.484 2254.438 2273.663 3213.709 3774.056 4364.753 4457.158 4847.946 5593.711 5634.961 7542.294 12104.148 18473.900 
GRPHEFT Sipht97_1.0
cost 42.150 42.000 36.700 36.600 
makespan 2237.484 2254.609 5593.711 5636.522 
HMBR Sipht97_1.0
cost 43.480 43.240 43.120 43.040 42.960 42.560 42.160 42.120 41.640 41.590 41.400 40.830 40.020 39.780 39.540 38.880 38.120 37.140 36.420 36.320 36.260 
makespan 1278.562 1279.006 1302.645 1310.864 1313.952 1532.363 1734.993 1850.975 1868.140 2042.878 2047.633 2388.156 2735.826 3117.657 3270.095 3533.399 5091.203 5099.737 5593.752 6289.580 21417.210 
MOELS Sipht97_1.0
cost 43.240 43.120 42.960 42.880 42.640 42.620 42.440 42.240 42.030 42.000 41.880 41.720 41.640 41.560 41.540 41.520 41.320 41.160 41.150 40.750 40.710 40.510 40.230 40.150 40.020 39.940 39.860 39.830 39.780 39.650 39.140 39.060 38.720 38.440 38.220 38.140 37.900 37.820 37.580 37.400 37.320 37.010 36.920 36.840 36.600 36.460 36.400 36.320 36.280 36.240 
makespan 1278.562 1284.545 1288.812 1314.420 1489.005 1544.441 1561.284 1639.159 1673.222 1779.260 1831.665 1834.717 1849.282 1879.152 1889.850 1978.175 2019.356 2035.856 2038.430 2237.512 2274.159 2274.820 2671.806 2671.833 2728.970 2735.873 2740.648 2977.792 2995.979 3032.881 3096.435 3113.560 3342.343 3657.186 3672.990 3674.264 3910.496 3944.603 4241.701 4580.129 4614.369 5051.011 5052.615 5065.862 5078.234 5436.110 5442.703 5593.752 5629.532 5638.623 
MOHEFT Sipht97_1.0
cost 43.280 43.000 42.600 41.680 41.240 40.680 39.420 39.340 39.220 38.740 38.700 38.520 38.360 37.960 37.560 37.520 37.000 36.920 36.790 36.320 
makespan 1372.429 1586.066 1621.774 1954.818 2237.484 2282.812 3032.881 3033.298 3301.476 3342.343 3802.260 4282.951 4290.403 4366.646 4604.323 5076.827 5080.059 5081.620 5593.436 5651.851 
RSGA2 Sipht97_1.0
cost 43.480 43.270 43.130 43.030 42.640 42.560 42.280 42.180 42.080 41.870 41.640 41.520 41.400 41.280 41.200 40.840 40.700 40.420 40.220 40.090 39.910 39.760 39.690 39.540 39.220 39.140 39.020 38.940 38.840 38.660 38.540 38.480 38.420 38.260 38.120 37.860 37.740 37.640 37.540 37.260 37.140 37.040 37.010 36.940 36.740 36.660 36.520 36.380 36.300 36.260 
makespan 1278.562 1278.940 1280.006 1281.513 1492.866 1493.035 1639.187 1657.008 1852.859 1856.614 1866.634 2021.164 2257.533 2295.604 2297.099 2321.138 2398.568 2595.855 2671.833 2720.210 2773.631 2773.858 3115.223 3115.450 3301.504 3301.610 3344.504 3411.620 3500.275 3532.790 3909.533 3987.220 4104.061 4104.998 4119.342 4341.331 4464.338 4491.461 4581.693 4589.137 4658.802 4704.921 4920.363 5047.359 5048.433 5134.414 5330.714 5593.711 5635.771 16487.199 
