# GRPHEFT, CyberShake_100_1.0, runtime: 0.850519
makespan: 224.336 224.636 337.189 350.914 570.556 578.533 582.533 586.599 590.599 597.356 
cost: 6.69 6.24 5.88 5.75 5.68 5.3 5.28 5.18 5.1 4.98 
# GRPHEFT, CyberShake_100_1.0, runtime: 0.8572
makespan: 215.625 224.336 224.636 337.189 350.914 570.556 578.533 582.533 586.599 590.599 597.356 
cost: 7.8 6.69 6.24 5.88 5.75 5.68 5.3 5.28 5.18 5.08 4.98 
# GRPHEFT, CyberShake_100_1.0, runtime: 1.04711
makespan: 213.104 215.625 224.336 224.636 337.189 350.914 578.533 586.599 590.599 597.356 
cost: 8.32 7.8 6.69 6.24 5.88 5.75 5.3 5.2 5.1 5 
# GRPHEFT, CyberShake_100_1.0, runtime: 0.952527
makespan: 213.104 215.625 224.336 224.636 337.189 350.914 570.556 578.533 586.599 590.599 597.356 
cost: 8.32 7.8 6.69 6.24 5.88 5.75 5.68 5.3 5.18 5.08 5 
# GRPHEFT, CyberShake_100_1.0, runtime: 0.93312
makespan: 213.104 215.625 224.336 224.636 337.189 350.914 570.556 578.533 582.533 586.599 590.599 597.356 
cost: 8.32 7.8 6.69 6.24 5.88 5.75 5.68 5.3 5.28 5.2 5.08 4.98 
