# MOELS, CyberShake_100_1.0, runtime: 26.9319, iterations: 160
makespan: 188.9 188.9 193.155 194.262 195.701 196.209 202.26 204.056 204.362 205.465 218.554 218.824 219.42 224.614 232.974 237.586 287.31 297.865 413.032 425.981 428.911 431.986 474.383 478.285 540.025 540.537 571.714 582.612 584.788 593.262 595.11 597.744 599.213 652.447 654.014 
cost: 7.73 7.06 6.91 6.52 6.47 6.39 6.17 6.15 6.1 5.97 5.88 5.87 5.78 5.73 5.64 5.6 5.51 5.45 5.41 5.4 5.36 5.35 5.24 5.2 5.19 5.17 5.1 5.07 5.04 5.02 5.01 4.96 4.95 4.94 4.85 
# MOELS, CyberShake_100_1.0, runtime: 26.9154, iterations: 157
makespan: 188.9 191.203 193.12 193.966 198.82 199.134 206.894 206.989 212.386 215.617 223.497 229.44 231.203 233.451 233.566 233.889 235.403 273.036 295.244 297.933 329.255 329.34 333.365 333.615 402.71 408.072 455.758 472.366 474.383 479.9 480.6 492.411 493.498 527.359 537.27 542.114 572.164 582.78 591.295 650.446 651.996 715.662 722.333 773.053 
cost: 7.32 7.19 6.51 6.43 6.4 6.21 6.16 6.01 5.99 5.91 5.88 5.85 5.77 5.76 5.75 5.71 5.69 5.66 5.62 5.55 5.53 5.49 5.46 5.44 5.42 5.4 5.35 5.34 5.29 5.23 5.21 5.2 5.18 5.1 5.08 5.05 5.04 5.02 4.98 4.94 4.88 4.87 4.84 4.82 
# MOELS, CyberShake_100_1.0, runtime: 26.9505, iterations: 154
makespan: 192.923 196.054 197.122 198.772 201.74 203.389 207.849 213.674 215.2 222.517 222.892 223 224.146 228.304 238.626 368.569 407.135 413.006 419.192 420.13 480.818 481.173 481.45 538.886 546.308 546.641 547.249 588.268 598.375 628.013 628.647 636.656 661.075 
cost: 6.43 6.39 6.28 6.23 6.15 6.08 6 5.93 5.91 5.86 5.84 5.78 5.76 5.67 5.52 5.41 5.39 5.36 5.35 5.29 5.28 5.15 5.12 5.1 5.09 5.08 5.05 4.99 4.97 4.93 4.89 4.84 4.82 
# MOELS, CyberShake_100_1.0, runtime: 27.0158, iterations: 150
makespan: 194.261 194.262 197.631 198.82 204.406 226.45 226.58 227.909 228.403 231.323 232.476 237.557 237.931 248.598 330.615 348.801 353.63 396.711 396.83 467.448 469.838 514.868 521.555 524.84 539.474 580.626 581.25 591.875 597.675 598.95 688.63 715.025 718.987 
cost: 7.19 6.76 6.67 6.24 6 5.99 5.98 5.92 5.86 5.78 5.73 5.69 5.64 5.6 5.58 5.57 5.47 5.4 5.38 5.3 5.22 5.2 5.18 5.16 5.13 5.07 5.03 5.02 4.97 4.89 4.86 4.83 4.82 
# MOELS, CyberShake_100_1.0, runtime: 26.9187, iterations: 156
makespan: 187.203 188.9 190.696 191.614 191.92 193.704 202.588 218.758 221.871 227.131 228.991 229.283 232.483 236.767 278.97 279.495 333.014 344.531 367.131 367.672 476.761 477.311 487.989 514.164 543.784 556.197 590.575 591.863 594.095 598 598.658 607.952 638.144 648.844 649.911 660.304 739.524 745.544 
cost: 6.86 6.56 6.45 6.43 6.3 5.99 5.93 5.91 5.88 5.87 5.81 5.79 5.73 5.64 5.57 5.52 5.5 5.45 5.44 5.37 5.34 5.31 5.27 5.17 5.13 5.1 5.05 5.03 5.01 5 4.98 4.94 4.92 4.91 4.89 4.88 4.87 4.85 
