# HMBR, CyberShake_100_1.0, runtime: 3.40266
makespan: 197.74 204.683 213.366 214.12 219.36 221.804 222.414 232.691 235.049 239.998 242.077 285.582 290.458 300.832 317.396 355.613 357.348 446.922 456.567 471.46 534.474 601.6 630.197 742.592 
cost: 6.95 6.43 6.34 6.26 6.18 6.13 6 5.89 5.85 5.75 5.73 5.7 5.64 5.62 5.6 5.57 5.52 5.46 5.34 5.29 5.26 5.21 4.99 4.91 
# HMBR, CyberShake_100_1.0, runtime: 3.40292
makespan: 195.137 200.563 208.071 209.2 210.497 212.635 216.266 220.029 224.923 230.679 233.271 237.029 239.649 241.597 241.917 263.076 290.458 307.641 392.976 404.05 412.595 456.567 471.46 533.32 612.944 660.654 663.198 779.313 
cost: 6.9 6.69 6.68 6.54 6.46 6.42 6.32 6.15 6.06 6.03 5.98 5.97 5.93 5.92 5.91 5.72 5.64 5.61 5.59 5.53 5.43 5.34 5.29 5.23 5.21 5.07 5.02 5.01 
# HMBR, CyberShake_100_1.0, runtime: 3.49684
makespan: 199.383 202.711 206.963 208.08 218.622 220.429 230.572 238.547 266.114 290.23 290.458 312.951 446.922 456.567 471.46 555.158 599.064 663.851 
cost: 7.29 6.91 6.49 6.32 6.27 6.24 5.99 5.86 5.78 5.72 5.64 5.48 5.46 5.34 5.29 5.22 5.07 4.95 
# HMBR, CyberShake_100_1.0, runtime: 3.50801
makespan: 194.914 199.197 201.372 201.562 204.725 208.146 208.34 211.28 214.029 216.104 223.687 227.957 234.578 236.979 239.131 285.999 290.458 297.314 312.354 381.631 456.567 471.46 493.958 551.194 604.695 612.944 630.443 650.358 663.575 754.719 778.72 890.851 
cost: 7.8 7.49 7.42 6.76 6.59 6.58 6.51 6.46 6.32 6.27 6.21 6.03 5.96 5.89 5.76 5.71 5.64 5.61 5.54 5.41 5.34 5.29 5.25 5.23 5.22 5.21 5.18 5.09 5.08 5.01 5 4.98 
# HMBR, CyberShake_100_1.0, runtime: 3.43212
makespan: 195.594 203.154 209.017 224.18 224.386 228.793 239.301 290.458 299.061 340.678 377.313 446.922 456.567 471.46 596.685 612.944 662.833 713.011 
cost: 6.91 6.88 6.24 6.14 6 5.86 5.71 5.64 5.61 5.54 5.47 5.46 5.34 5.29 5.28 5.21 5.04 5 
