# RSGA2, CyberShake_100_1.0, runtime: 26.9044, iterations: 1083
makespan: 182.855 193.657 200.127 208.909 225.809 231.157 231.68 244.587 289.853 289.931 328.389 338.093 421.031 421.248 423.098 431.698 456.567 471.46 526.154 532.961 613.101 661.233 661.87 662.38 725.179 753.161 
cost: 7.42 6.38 6.3 6.02 5.97 5.9 5.82 5.7 5.66 5.64 5.61 5.56 5.55 5.47 5.39 5.34 5.32 5.29 5.27 5.19 5.18 5.06 5.02 5 4.96 4.94 
# RSGA2, CyberShake_100_1.0, runtime: 26.8991, iterations: 1166
makespan: 188.9 188.906 188.906 191.185 197.432 206.317 209.068 209.557 209.954 217.255 217.545 218.489 228.854 231.655 235.864 237.883 238.626 283 290.143 291 435.358 438.455 450.615 452.627 456.567 471.46 533.137 601.223 604.817 612.944 646.775 647.712 707.774 722.425 736.864 
cost: 7.84 7.56 7.4 7.32 6.8 6.75 6.6 6.47 6.39 6.28 6.19 6.06 6.05 5.94 5.88 5.81 5.73 5.67 5.64 5.54 5.49 5.45 5.44 5.36 5.32 5.29 5.25 5.23 5.22 5.15 5.08 5.06 5.02 4.94 4.9 
# RSGA2, CyberShake_100_1.0, runtime: 26.9153, iterations: 1122
makespan: 177.793 177.844 178.524 187.203 193.657 193.8 196.536 197.378 202.493 204.203 213.667 215.506 221.76 228.898 235.077 238.4 329.294 367.528 384.279 446.914 452.627 456.567 471.46 540.168 541.952 597.025 607.745 
cost: 9.62 9.28 8.65 7.79 6.9 6.82 6.8 6.67 6.6 6.3 6.1 5.95 5.91 5.85 5.77 5.64 5.61 5.55 5.49 5.46 5.4 5.32 5.29 5.28 5.2 5.07 5 
# RSGA2, CyberShake_100_1.0, runtime: 26.9191, iterations: 1102
makespan: 193.657 197.717 202.493 204.362 205.803 206.103 209.465 211.949 214.065 217.531 217.574 217.826 217.951 224.369 228.483 234.155 234.474 234.906 237.444 240.492 240.755 247.39 289.931 345.301 424.53 426.873 446.298 446.914 452.627 456.567 471.46 531.425 538.576 540.513 547.309 592.104 652.812 654.688 658.4 689.129 718.412 
cost: 8.39 8.25 6.99 6.95 6.63 6.55 6.49 6.46 6.39 6.21 6.19 6.11 6.02 5.97 5.95 5.9 5.88 5.87 5.8 5.77 5.69 5.67 5.62 5.58 5.55 5.53 5.52 5.46 5.4 5.32 5.29 5.28 5.26 5.21 5.2 5.15 5.14 5.06 4.99 4.95 4.93 
# RSGA2, CyberShake_100_1.0, runtime: 26.8999, iterations: 1132
makespan: 177.793 178.322 182.846 188.9 189.26 200.909 201.451 203.226 203.277 210.778 212.604 213.785 214.205 226.349 226.451 226.551 237.937 263.882 289.795 290.143 297.45 299.58 425.981 429.252 446.922 450.777 456.567 471.46 596.685 612.944 645.597 653.944 656.354 660.725 674.619 799.386 
cost: 8.44 8.2 7.68 7.27 7.03 6.92 6.84 6.64 6.36 6.3 6.27 6.23 6.15 6.02 5.94 5.86 5.8 5.75 5.66 5.64 5.62 5.54 5.5 5.49 5.46 5.4 5.32 5.29 5.2 5.15 5.12 5.06 4.98 4.96 4.9 4.86 
