# EMS, CyberShake_100_1.0, runtime: 26.9077, iterations: 2002
makespan: 213.104 469.466 469.629 523.546 530.126 533.849 536.689 766.275 768.245 778.215 833.955 834.25 889.07 896.77 954.455 958.005 1013.98 1884.75 1959.85 2022.84 2024.7 2087.69 2152.95 2268.49 2330.31 2339.19 2499.09 2508.66 2698.53 
cost: 7.28 5.76 5.66 5.61 5.58 5.53 5.51 5.44 5.43 5.36 5.33 5.31 5.28 5.26 5.24 5.23 5.22 5.07 5.02 4.97 4.96 4.89 4.81 4.8 4.76 4.75 4.74 4.73 4.68 
# EMS, CyberShake_100_1.0, runtime: 26.9113, iterations: 1859
makespan: 213.104 231.466 421.78 431.631 433.923 436.907 437.703 441.189 448.474 449.846 455.84 458.551 459.697 466.874 473 476.726 535.483 590.097 598.226 687.695 717.14 774.35 1018.14 1022.09 1024.62 1056.53 1194.93 1586.66 1660.45 1840.7 1915.2 2453.93 2678.08 2751.59 
cost: 6.91 6.76 6.3 6.28 6.13 6.1 6.02 5.93 5.87 5.85 5.8 5.78 5.77 5.7 5.65 5.62 5.61 5.6 5.58 5.45 5.3 5.24 5.23 5.07 5.05 4.97 4.91 4.89 4.84 4.83 4.78 4.74 4.73 4.68 
# EMS, CyberShake_100_1.0, runtime: 26.9106, iterations: 1915
makespan: 213.104 217.479 384.411 396.554 413.72 495.766 508.909 511.211 512.931 515.477 523.354 532.643 533.24 533.503 685.826 691.656 703.292 712.301 712.906 778.335 839.03 997.042 1038.2 1111.99 1132.98 1250.29 1607.46 2021.68 2023.21 2098.31 2275.89 2504.88 2578.66 2751.59 
cost: 7.28 6.76 6.28 6.11 5.96 5.95 5.87 5.85 5.8 5.79 5.7 5.64 5.63 5.55 5.51 5.43 5.35 5.28 5.27 5.23 5.2 5.05 4.99 4.94 4.93 4.9 4.86 4.84 4.83 4.78 4.76 4.75 4.7 4.68 
# EMS, CyberShake_100_1.0, runtime: 26.9095, iterations: 1953
makespan: 213.104 219.366 456.257 461.926 464.96 470.34 477.246 539.609 678.445 693.695 701.445 706.095 716.695 717.855 1828.66 1829.38 1898.5 1916.03 2022.45 2086.89 2198.8 2330.8 2565.45 2639.24 
cost: 7.28 6.76 5.87 5.79 5.76 5.61 5.53 5.5 5.45 5.37 5.35 5.3 5.27 5.25 5.07 4.97 4.92 4.89 4.86 4.81 4.78 4.74 4.73 4.68 
# EMS, CyberShake_100_1.0, runtime: 26.9115, iterations: 1927
makespan: 213.104 437.3 443.731 455.134 464.674 472.055 476.077 538.094 597.906 715.11 758.77 759.095 769.665 769.99 833.01 1724.58 1726.6 1789.59 1843.09 1907.94 1977.06 2085.08 2270.98 2279.99 2339.23 2455.25 2757.73 
cost: 7.28 7.22 6.36 6.21 5.73 5.66 5.56 5.52 5.5 5.35 5.34 5.3 5.26 5.22 5.2 5.1 5.04 4.99 4.94 4.88 4.83 4.78 4.76 4.75 4.73 4.7 4.68 
