# MOHEFT, CyberShake_100_1.0, runtime: 2.51162
makespan: 209.068 215.118 220.304 220.403 220.653 226.383 227.357 232.589 235.234 255.798 447.694 448.114 570.381 570.556 593.8 
cost: 6.49 6.21 6.17 6.09 6.01 5.86 5.78 5.71 5.63 5.59 5.55 5.4 5.31 5.16 5.08 
# MOHEFT, CyberShake_100_1.0, runtime: 2.25653
makespan: 209.068 215.118 220.304 220.403 220.653 226.383 227.357 232.589 235.234 255.798 447.694 448.114 570.381 570.556 593.8 
cost: 6.49 6.21 6.17 6.09 6.01 5.86 5.78 5.71 5.63 5.59 5.55 5.4 5.31 5.16 5.08 
# MOHEFT, CyberShake_100_1.0, runtime: 2.33295
makespan: 209.068 215.118 220.304 220.403 220.653 226.383 227.357 232.589 235.234 255.798 447.694 448.114 570.381 570.556 593.8 
cost: 6.49 6.21 6.17 6.09 6.01 5.86 5.78 5.71 5.63 5.59 5.55 5.4 5.31 5.16 5.08 
# MOHEFT, CyberShake_100_1.0, runtime: 2.32873
makespan: 209.068 215.118 220.304 220.403 220.653 226.383 227.357 232.589 235.234 255.798 447.694 448.114 570.381 570.556 593.8 
cost: 6.49 6.21 6.17 6.09 6.01 5.86 5.78 5.71 5.63 5.59 5.55 5.4 5.31 5.16 5.08 
# MOHEFT, CyberShake_100_1.0, runtime: 2.27446
makespan: 209.068 215.118 220.304 220.403 220.653 226.383 227.357 232.589 235.234 255.798 447.694 448.114 570.381 570.556 593.8 
cost: 6.49 6.21 6.17 6.09 6.01 5.86 5.78 5.71 5.63 5.59 5.55 5.4 5.31 5.16 5.08 
