# MOHEFT, CyberShake_30_1.0, runtime: 0.146901
makespan: 146.577 158.234 158.449 167.097 167.566 168.357 304.12 305.01 537.365 
cost: 2.64 2.48 2.4 2.28 2.2 2.12 2.03 1.95 1.91 
# MOHEFT, CyberShake_30_1.0, runtime: 0.143474
makespan: 146.577 158.234 158.449 167.097 167.566 168.357 304.12 305.01 537.365 
cost: 2.64 2.48 2.4 2.28 2.2 2.12 2.03 1.95 1.91 
# MOHEFT, CyberShake_30_1.0, runtime: 0.14544
makespan: 146.577 158.234 158.449 167.097 167.566 168.357 304.12 305.01 537.365 
cost: 2.64 2.48 2.4 2.28 2.2 2.12 2.03 1.95 1.91 
# MOHEFT, CyberShake_30_1.0, runtime: 0.145171
makespan: 146.577 158.234 158.449 167.097 167.566 168.357 304.12 305.01 537.365 
cost: 2.64 2.48 2.4 2.28 2.2 2.12 2.03 1.95 1.91 
# MOHEFT, CyberShake_30_1.0, runtime: 0.14487
makespan: 146.577 158.234 158.449 167.097 167.566 168.357 304.12 305.01 537.365 
cost: 2.64 2.48 2.4 2.28 2.2 2.12 2.03 1.95 1.91 
# MOHEFT, CyberShake_50_1.0, runtime: 0.452191
makespan: 172.257 256.487 267.622 268.332 349.78 359.689 470.529 557.412 557.837 562.684 574.418 584.033 586.611 
cost: 3.64 3.55 3.48 3.4 3.37 3.35 3.3 3.21 3.13 3.08 3.06 3 2.97 
# MOHEFT, CyberShake_50_1.0, runtime: 0.450572
makespan: 172.257 256.487 267.622 268.332 349.78 359.689 470.529 557.412 557.837 562.684 574.418 584.033 586.611 
cost: 3.64 3.55 3.48 3.4 3.37 3.35 3.3 3.21 3.13 3.08 3.06 3 2.97 
# MOHEFT, CyberShake_50_1.0, runtime: 0.449478
makespan: 172.257 256.487 267.622 268.332 349.78 359.689 470.529 557.412 557.837 562.684 574.418 584.033 586.611 
cost: 3.64 3.55 3.48 3.4 3.37 3.35 3.3 3.21 3.13 3.08 3.06 3 2.97 
# MOHEFT, CyberShake_50_1.0, runtime: 0.454523
makespan: 172.257 256.487 267.622 268.332 349.78 359.689 470.529 557.412 557.837 562.684 574.418 584.033 586.611 
cost: 3.64 3.55 3.48 3.4 3.37 3.35 3.3 3.21 3.13 3.08 3.06 3 2.97 
# MOHEFT, CyberShake_50_1.0, runtime: 0.449156
makespan: 172.257 256.487 267.622 268.332 349.78 359.689 470.529 557.412 557.837 562.684 574.418 584.033 586.611 
cost: 3.64 3.55 3.48 3.4 3.37 3.35 3.3 3.21 3.13 3.08 3.06 3 2.97 
# MOHEFT, CyberShake_100_1.0, runtime: 2.26552
makespan: 209.068 215.118 220.304 220.403 220.653 226.383 227.357 232.589 235.234 255.798 447.694 448.114 570.381 570.556 593.8 
cost: 6.49 6.21 6.17 6.09 6.01 5.86 5.78 5.71 5.63 5.59 5.55 5.4 5.31 5.16 5.08 
# MOHEFT, CyberShake_100_1.0, runtime: 2.22895
makespan: 209.068 215.118 220.304 220.403 220.653 226.383 227.357 232.589 235.234 255.798 447.694 448.114 570.381 570.556 593.8 
cost: 6.49 6.21 6.17 6.09 6.01 5.86 5.78 5.71 5.63 5.59 5.55 5.4 5.31 5.16 5.08 
# MOHEFT, CyberShake_100_1.0, runtime: 2.27097
makespan: 209.068 215.118 220.304 220.403 220.653 226.383 227.357 232.589 235.234 255.798 447.694 448.114 570.381 570.556 593.8 
cost: 6.49 6.21 6.17 6.09 6.01 5.86 5.78 5.71 5.63 5.59 5.55 5.4 5.31 5.16 5.08 
# MOHEFT, CyberShake_100_1.0, runtime: 2.25841
makespan: 209.068 215.118 220.304 220.403 220.653 226.383 227.357 232.589 235.234 255.798 447.694 448.114 570.381 570.556 593.8 
cost: 6.49 6.21 6.17 6.09 6.01 5.86 5.78 5.71 5.63 5.59 5.55 5.4 5.31 5.16 5.08 
# MOHEFT, CyberShake_100_1.0, runtime: 2.23117
makespan: 209.068 215.118 220.304 220.403 220.653 226.383 227.357 232.589 235.234 255.798 447.694 448.114 570.381 570.556 593.8 
cost: 6.49 6.21 6.17 6.09 6.01 5.86 5.78 5.71 5.63 5.59 5.55 5.4 5.31 5.16 5.08 
# MOHEFT, Epigenomics_24_1.0, runtime: 0.103363
makespan: 1919.42 3245.85 3491.98 3828.76 4449.93 5517.55 5812.02 7291.08 8322.81 8915.82 10469.1 22149.4 22150.2 
cost: 44.48 44.26 43.34 42.42 41.38 40.58 40.02 39.28 38.82 38.62 37.22 37.15 37 
# MOHEFT, Epigenomics_24_1.0, runtime: 0.106398
makespan: 1919.42 3245.85 3491.98 3828.76 4449.93 5517.55 5812.02 7291.08 8322.81 8915.82 10469.1 22149.4 22150.2 
cost: 44.48 44.26 43.34 42.42 41.38 40.58 40.02 39.28 38.82 38.62 37.22 37.15 37 
# MOHEFT, Epigenomics_24_1.0, runtime: 0.103365
makespan: 1919.42 3245.85 3491.98 3828.76 4449.93 5517.55 5812.02 7291.08 8322.81 8915.82 10469.1 22149.4 22150.2 
cost: 44.48 44.26 43.34 42.42 41.38 40.58 40.02 39.28 38.82 38.62 37.22 37.15 37 
# MOHEFT, Epigenomics_24_1.0, runtime: 0.10356
makespan: 1919.42 3245.85 3491.98 3828.76 4449.93 5517.55 5812.02 7291.08 8322.81 8915.82 10469.1 22149.4 22150.2 
cost: 44.48 44.26 43.34 42.42 41.38 40.58 40.02 39.28 38.82 38.62 37.22 37.15 37 
# MOHEFT, Epigenomics_24_1.0, runtime: 0.103816
makespan: 1919.42 3245.85 3491.98 3828.76 4449.93 5517.55 5812.02 7291.08 8322.81 8915.82 10469.1 22149.4 22150.2 
cost: 44.48 44.26 43.34 42.42 41.38 40.58 40.02 39.28 38.82 38.62 37.22 37.15 37 
# MOHEFT, Epigenomics_47_1.0, runtime: 0.325868
makespan: 4408.17 4758.57 5859.67 6716.15 7268.5 8198.43 8296.43 9152.91 9647.78 11259.8 14383.8 14733.7 15820.9 17454.3 20928.4 
cost: 100.08 99.84 99.12 98.24 95.84 95.06 93.38 92.5 91.26 90.5 89.88 89.64 87.88 86.78 86.58 
# MOHEFT, Epigenomics_47_1.0, runtime: 0.321051
makespan: 4408.17 4758.57 5859.67 6716.15 7268.5 8198.43 8296.43 9152.91 9647.78 11259.8 14383.8 14733.7 15820.9 17454.3 20928.4 
cost: 100.08 99.84 99.12 98.24 95.84 95.06 93.38 92.5 91.26 90.5 89.88 89.64 87.88 86.78 86.58 
# MOHEFT, Epigenomics_47_1.0, runtime: 0.32666
makespan: 4408.17 4758.57 5859.67 6716.15 7268.5 8198.43 8296.43 9152.91 9647.78 11259.8 14383.8 14733.7 15820.9 17454.3 20928.4 
cost: 100.08 99.84 99.12 98.24 95.84 95.06 93.38 92.5 91.26 90.5 89.88 89.64 87.88 86.78 86.58 
# MOHEFT, Epigenomics_47_1.0, runtime: 0.321536
makespan: 4408.17 4758.57 5859.67 6716.15 7268.5 8198.43 8296.43 9152.91 9647.78 11259.8 14383.8 14733.7 15820.9 17454.3 20928.4 
cost: 100.08 99.84 99.12 98.24 95.84 95.06 93.38 92.5 91.26 90.5 89.88 89.64 87.88 86.78 86.58 
# MOHEFT, Epigenomics_47_1.0, runtime: 0.327302
makespan: 4408.17 4758.57 5859.67 6716.15 7268.5 8198.43 8296.43 9152.91 9647.78 11259.8 14383.8 14733.7 15820.9 17454.3 20928.4 
cost: 100.08 99.84 99.12 98.24 95.84 95.06 93.38 92.5 91.26 90.5 89.88 89.64 87.88 86.78 86.58 
# MOHEFT, Epigenomics_100_1.0, runtime: 1.63476
makespan: 24974.7 31006.5 35518.7 36006.8 42038.6 44786.3 47168.6 56749.7 62781.6 91469.3 97500.7 111949 130157 131359 137406 155221 169661 176860 199987 207676 
cost: 957.42 954.92 952.66 937.84 935.86 931.68 916.74 910.98 908.48 877.58 874.98 872 867.33 851.79 849.37 848.91 845.85 844.37 843.85 840.55 
# MOHEFT, Epigenomics_100_1.0, runtime: 1.60726
makespan: 24974.7 31006.5 35518.7 36006.8 42038.6 44786.3 47168.6 56749.7 62781.6 91469.3 97500.7 111949 130157 131359 137406 155221 169661 176860 199987 207676 
cost: 957.42 954.92 952.66 937.84 935.86 931.68 916.74 910.98 908.48 877.58 874.98 872 867.33 851.79 849.37 848.91 845.85 844.37 843.85 840.55 
# MOHEFT, Epigenomics_100_1.0, runtime: 1.6121
makespan: 24974.7 31006.5 35518.7 36006.8 42038.6 44786.3 47168.6 56749.7 62781.6 91469.3 97500.7 111949 130157 131359 137406 155221 169661 176860 199987 207676 
cost: 957.42 954.92 952.66 937.84 935.86 931.68 916.74 910.98 908.48 877.58 874.98 872 867.33 851.79 849.37 848.91 845.85 844.37 843.85 840.55 
# MOHEFT, Epigenomics_100_1.0, runtime: 1.59873
makespan: 24974.7 31006.5 35518.7 36006.8 42038.6 44786.3 47168.6 56749.7 62781.6 91469.3 97500.7 111949 130157 131359 137406 155221 169661 176860 199987 207676 
cost: 957.42 954.92 952.66 937.84 935.86 931.68 916.74 910.98 908.48 877.58 874.98 872 867.33 851.79 849.37 848.91 845.85 844.37 843.85 840.55 
# MOHEFT, Epigenomics_100_1.0, runtime: 1.6017
makespan: 24974.7 31006.5 35518.7 36006.8 42038.6 44786.3 47168.6 56749.7 62781.6 91469.3 97500.7 111949 130157 131359 137406 155221 169661 176860 199987 207676 
cost: 957.42 954.92 952.66 937.84 935.86 931.68 916.74 910.98 908.48 877.58 874.98 872 867.33 851.79 849.37 848.91 845.85 844.37 843.85 840.55 
# MOHEFT, Inspiral_30_1.0, runtime: 0.237674
makespan: 448.013 713.539 713.613 758.774 919.88 1165.78 1191.35 1278.69 1520.33 1834.67 2179.52 2583.26 2584.26 
cost: 18.26 17.8 17.28 16.76 16.62 16.52 15.83 15.51 15.47 14.52 14.44 14.35 14.2 
# MOHEFT, Inspiral_30_1.0, runtime: 0.236723
makespan: 448.013 713.539 713.613 758.774 919.88 1165.78 1191.35 1278.69 1520.33 1834.67 2179.52 2583.26 2584.26 
cost: 18.26 17.8 17.28 16.76 16.62 16.52 15.83 15.51 15.47 14.52 14.44 14.35 14.2 
# MOHEFT, Inspiral_30_1.0, runtime: 0.232862
makespan: 448.013 713.539 713.613 758.774 919.88 1165.78 1191.35 1278.69 1520.33 1834.67 2179.52 2583.26 2584.26 
cost: 18.26 17.8 17.28 16.76 16.62 16.52 15.83 15.51 15.47 14.52 14.44 14.35 14.2 
# MOHEFT, Inspiral_30_1.0, runtime: 0.231357
makespan: 448.013 713.539 713.613 758.774 919.88 1165.78 1191.35 1278.69 1520.33 1834.67 2179.52 2583.26 2584.26 
cost: 18.26 17.8 17.28 16.76 16.62 16.52 15.83 15.51 15.47 14.52 14.44 14.35 14.2 
# MOHEFT, Inspiral_30_1.0, runtime: 0.233034
makespan: 448.013 713.539 713.613 758.774 919.88 1165.78 1191.35 1278.69 1520.33 1834.67 2179.52 2583.26 2584.26 
cost: 18.26 17.8 17.28 16.76 16.62 16.52 15.83 15.51 15.47 14.52 14.44 14.35 14.2 
# MOHEFT, Inspiral_50_1.0, runtime: 0.702587
makespan: 816.946 820.821 1086.85 1152.28 1235.1 1370.75 1602.72 1695.2 2435.18 2694.14 3171.31 3523.31 4365.68 4366.88 4712.34 
cost: 30.63 30.11 29.44 27.82 27.38 27.1 26.84 26.6 26.54 25.21 25.13 25.05 25.04 24.89 24.85 
# MOHEFT, Inspiral_50_1.0, runtime: 0.69816
makespan: 816.946 820.821 1086.85 1152.28 1235.1 1370.75 1602.72 1695.2 2435.18 2694.14 3171.31 3523.31 4365.68 4366.88 4712.34 
cost: 30.63 30.11 29.44 27.82 27.38 27.1 26.84 26.6 26.54 25.21 25.13 25.05 25.04 24.89 24.85 
# MOHEFT, Inspiral_50_1.0, runtime: 0.700126
makespan: 816.946 820.821 1086.85 1152.28 1235.1 1370.75 1602.72 1695.2 2435.18 2694.14 3171.31 3523.31 4365.68 4366.88 4712.34 
cost: 30.63 30.11 29.44 27.82 27.38 27.1 26.84 26.6 26.54 25.21 25.13 25.05 25.04 24.89 24.85 
# MOHEFT, Inspiral_50_1.0, runtime: 0.695284
makespan: 816.946 820.821 1086.85 1152.28 1235.1 1370.75 1602.72 1695.2 2435.18 2694.14 3171.31 3523.31 4365.68 4366.88 4712.34 
cost: 30.63 30.11 29.44 27.82 27.38 27.1 26.84 26.6 26.54 25.21 25.13 25.05 25.04 24.89 24.85 
# MOHEFT, Inspiral_50_1.0, runtime: 0.699855
makespan: 816.946 820.821 1086.85 1152.28 1235.1 1370.75 1602.72 1695.2 2435.18 2694.14 3171.31 3523.31 4365.68 4366.88 4712.34 
cost: 30.63 30.11 29.44 27.82 27.38 27.1 26.84 26.6 26.54 25.21 25.13 25.05 25.04 24.89 24.85 
# MOHEFT, Inspiral_100_1.0, runtime: 3.91694
makespan: 746.006 826.284 985.803 1114.27 1226.28 1238.9 1480.59 1491.54 1536.98 1582.24 1765.64 2143.14 2144.18 2257.6 2453.15 2586.28 3171.16 3443.06 3446.62 3880.18 
cost: 55.17 53.89 52.99 52.28 51.41 51.33 50.99 50.47 49.52 48.98 48.15 47.99 47.47 46.41 46.2 45.85 45.76 45.66 45.38 44.44 
# MOHEFT, Inspiral_100_1.0, runtime: 3.97672
makespan: 746.006 826.284 985.803 1114.27 1226.28 1238.9 1480.59 1491.54 1536.98 1582.24 1765.64 2143.14 2144.18 2257.6 2453.15 2586.28 3171.16 3443.06 3446.62 3880.18 
cost: 55.17 53.89 52.99 52.28 51.41 51.33 50.99 50.47 49.52 48.98 48.15 47.99 47.47 46.41 46.2 45.85 45.76 45.66 45.38 44.44 
# MOHEFT, Inspiral_100_1.0, runtime: 3.92548
makespan: 746.006 826.284 985.803 1114.27 1226.28 1238.9 1480.59 1491.54 1536.98 1582.24 1765.64 2143.14 2144.18 2257.6 2453.15 2586.28 3171.16 3443.06 3446.62 3880.18 
cost: 55.17 53.89 52.99 52.28 51.41 51.33 50.99 50.47 49.52 48.98 48.15 47.99 47.47 46.41 46.2 45.85 45.76 45.66 45.38 44.44 
# MOHEFT, Inspiral_100_1.0, runtime: 3.91923
makespan: 746.006 826.284 985.803 1114.27 1226.28 1238.9 1480.59 1491.54 1536.98 1582.24 1765.64 2143.14 2144.18 2257.6 2453.15 2586.28 3171.16 3443.06 3446.62 3880.18 
cost: 55.17 53.89 52.99 52.28 51.41 51.33 50.99 50.47 49.52 48.98 48.15 47.99 47.47 46.41 46.2 45.85 45.76 45.66 45.38 44.44 
# MOHEFT, Inspiral_100_1.0, runtime: 3.99636
makespan: 746.006 826.284 985.803 1114.27 1226.28 1238.9 1480.59 1491.54 1536.98 1582.24 1765.64 2143.14 2144.18 2257.6 2453.15 2586.28 3171.16 3443.06 3446.62 3880.18 
cost: 55.17 53.89 52.99 52.28 51.41 51.33 50.99 50.47 49.52 48.98 48.15 47.99 47.47 46.41 46.2 45.85 45.76 45.66 45.38 44.44 
# MOHEFT, Montage_25_1.0, runtime: 0.110393
makespan: 20.7423 21.7587 26.6486 30.8938 31.463 32.4144 34.044 35.9114 46.8486 59.1057 
cost: 2.88 2.36 2.12 1.88 1.64 1.51 1.36 1.08 0.8 0.68 
# MOHEFT, Montage_25_1.0, runtime: 0.110619
makespan: 20.7423 21.7587 26.6486 30.8938 31.463 32.4144 34.044 35.9114 46.8486 59.1057 
cost: 2.88 2.36 2.12 1.88 1.64 1.51 1.36 1.08 0.8 0.68 
# MOHEFT, Montage_25_1.0, runtime: 0.111069
makespan: 20.7423 21.7587 26.6486 30.8938 31.463 32.4144 34.044 35.9114 46.8486 59.1057 
cost: 2.88 2.36 2.12 1.88 1.64 1.51 1.36 1.08 0.8 0.68 
# MOHEFT, Montage_25_1.0, runtime: 0.109948
makespan: 20.7423 21.7587 26.6486 30.8938 31.463 32.4144 34.044 35.9114 46.8486 59.1057 
cost: 2.88 2.36 2.12 1.88 1.64 1.51 1.36 1.08 0.8 0.68 
# MOHEFT, Montage_25_1.0, runtime: 0.110673
makespan: 20.7423 21.7587 26.6486 30.8938 31.463 32.4144 34.044 35.9114 46.8486 59.1057 
cost: 2.88 2.36 2.12 1.88 1.64 1.51 1.36 1.08 0.8 0.68 
# MOHEFT, Montage_50_1.0, runtime: 0.681683
makespan: 20.022 22.7936 22.8686 22.9942 25.9263 34.0002 34.1083 40.521 42.9861 52.2368 56.4153 76.4392 84.6924 97.983 107.715 
cost: 14.56 13.52 11.44 7.84 6.4 5.52 4.48 3.69 2.72 2.52 1.96 1.86 1.82 1.52 1.42 
# MOHEFT, Montage_50_1.0, runtime: 0.6775
makespan: 20.022 22.7936 22.8686 22.9942 25.9263 34.0002 34.1083 40.521 42.9861 52.2368 56.4153 76.4392 84.6924 97.983 107.715 
cost: 14.56 13.52 11.44 7.84 6.4 5.52 4.48 3.69 2.72 2.52 1.96 1.86 1.82 1.52 1.42 
# MOHEFT, Montage_50_1.0, runtime: 0.677486
makespan: 20.022 22.7936 22.8686 22.9942 25.9263 34.0002 34.1083 40.521 42.9861 52.2368 56.4153 76.4392 84.6924 97.983 107.715 
cost: 14.56 13.52 11.44 7.84 6.4 5.52 4.48 3.69 2.72 2.52 1.96 1.86 1.82 1.52 1.42 
# MOHEFT, Montage_50_1.0, runtime: 0.679484
makespan: 20.022 22.7936 22.8686 22.9942 25.9263 34.0002 34.1083 40.521 42.9861 52.2368 56.4153 76.4392 84.6924 97.983 107.715 
cost: 14.56 13.52 11.44 7.84 6.4 5.52 4.48 3.69 2.72 2.52 1.96 1.86 1.82 1.52 1.42 
# MOHEFT, Montage_50_1.0, runtime: 0.675596
makespan: 20.022 22.7936 22.8686 22.9942 25.9263 34.0002 34.1083 40.521 42.9861 52.2368 56.4153 76.4392 84.6924 97.983 107.715 
cost: 14.56 13.52 11.44 7.84 6.4 5.52 4.48 3.69 2.72 2.52 1.96 1.86 1.82 1.52 1.42 
# MOHEFT, Montage_100_1.0, runtime: 3.98864
makespan: 27.6753 30.0091 30.254 30.3158 32.3672 34.701 36.5877 43.6381 43.6904 53.0057 58.2715 88.11 105.273 105.279 117.536 163.484 187.427 245.595 302.89 319.537 
cost: 17.28 16.76 15.88 13.92 11.68 11.16 9.79 8.97 7.93 7.43 5.35 5.27 4.93 4.78 4.19 3.47 2.95 2.86 2.82 2.67 
# MOHEFT, Montage_100_1.0, runtime: 3.99906
makespan: 27.6753 30.0091 30.254 30.3158 32.3672 34.701 36.5877 43.6381 43.6904 53.0057 58.2715 88.11 105.273 105.279 117.536 163.484 187.427 245.595 302.89 319.537 
cost: 17.28 16.76 15.88 13.92 11.68 11.16 9.79 8.97 7.93 7.43 5.35 5.27 4.93 4.78 4.19 3.47 2.95 2.86 2.82 2.67 
# MOHEFT, Montage_100_1.0, runtime: 4.00046
makespan: 27.6753 30.0091 30.254 30.3158 32.3672 34.701 36.5877 43.6381 43.6904 53.0057 58.2715 88.11 105.273 105.279 117.536 163.484 187.427 245.595 302.89 319.537 
cost: 17.28 16.76 15.88 13.92 11.68 11.16 9.79 8.97 7.93 7.43 5.35 5.27 4.93 4.78 4.19 3.47 2.95 2.86 2.82 2.67 
# MOHEFT, Montage_100_1.0, runtime: 3.99605
makespan: 27.6753 30.0091 30.254 30.3158 32.3672 34.701 36.5877 43.6381 43.6904 53.0057 58.2715 88.11 105.273 105.279 117.536 163.484 187.427 245.595 302.89 319.537 
cost: 17.28 16.76 15.88 13.92 11.68 11.16 9.79 8.97 7.93 7.43 5.35 5.27 4.93 4.78 4.19 3.47 2.95 2.86 2.82 2.67 
# MOHEFT, Montage_100_1.0, runtime: 4.00086
makespan: 27.6753 30.0091 30.254 30.3158 32.3672 34.701 36.5877 43.6381 43.6904 53.0057 58.2715 88.11 105.273 105.279 117.536 163.484 187.427 245.595 302.89 319.537 
cost: 17.28 16.76 15.88 13.92 11.68 11.16 9.79 8.97 7.93 7.43 5.35 5.27 4.93 4.78 4.19 3.47 2.95 2.86 2.82 2.67 
# MOHEFT, Sipht_29_1.0, runtime: 0.14923
makespan: 1259.69 1806.89 1809.59 1912.01 2259.97 3222.63 3327.73 3328.19 3719.28 4095.04 5197.05 5198.6 5569.49 
cost: 13.68 13.44 13.36 13.02 12.9 12.89 12.63 12.48 12.36 12.22 12.18 11.9 11.66 
# MOHEFT, Sipht_29_1.0, runtime: 0.149356
makespan: 1259.69 1806.89 1809.59 1912.01 2259.97 3222.63 3327.73 3328.19 3719.28 4095.04 5197.05 5198.6 5569.49 
cost: 13.68 13.44 13.36 13.02 12.9 12.89 12.63 12.48 12.36 12.22 12.18 11.9 11.66 
# MOHEFT, Sipht_29_1.0, runtime: 0.149582
makespan: 1259.69 1806.89 1809.59 1912.01 2259.97 3222.63 3327.73 3328.19 3719.28 4095.04 5197.05 5198.6 5569.49 
cost: 13.68 13.44 13.36 13.02 12.9 12.89 12.63 12.48 12.36 12.22 12.18 11.9 11.66 
# MOHEFT, Sipht_29_1.0, runtime: 0.149019
makespan: 1259.69 1806.89 1809.59 1912.01 2259.97 3222.63 3327.73 3328.19 3719.28 4095.04 5197.05 5198.6 5569.49 
cost: 13.68 13.44 13.36 13.02 12.9 12.89 12.63 12.48 12.36 12.22 12.18 11.9 11.66 
# MOHEFT, Sipht_29_1.0, runtime: 0.150818
makespan: 1259.69 1806.89 1809.59 1912.01 2259.97 3222.63 3327.73 3328.19 3719.28 4095.04 5197.05 5198.6 5569.49 
cost: 13.68 13.44 13.36 13.02 12.9 12.89 12.63 12.48 12.36 12.22 12.18 11.9 11.66 
# MOHEFT, Sipht_58_1.0, runtime: 0.527022
makespan: 1325.64 1339.26 1606.48 1912.35 2167.31 2442.56 2627.44 3043.89 3270.52 3572.84 3573.84 4246.55 4657.53 4816.85 5798.28 5810.9 
cost: 29.22 29.06 28.66 28.3 27.92 27.64 27.16 26.72 26.54 26.46 25.94 25.72 25.38 24.8 24.78 24.42 
# MOHEFT, Sipht_58_1.0, runtime: 0.532611
makespan: 1325.64 1339.26 1606.48 1912.35 2167.31 2442.56 2627.44 3043.89 3270.52 3572.84 3573.84 4246.55 4657.53 4816.85 5798.28 5810.9 
cost: 29.22 29.06 28.66 28.3 27.92 27.64 27.16 26.72 26.54 26.46 25.94 25.72 25.38 24.8 24.78 24.42 
# MOHEFT, Sipht_58_1.0, runtime: 0.525345
makespan: 1325.64 1339.26 1606.48 1912.35 2167.31 2442.56 2627.44 3043.89 3270.52 3572.84 3573.84 4246.55 4657.53 4816.85 5798.28 5810.9 
cost: 29.22 29.06 28.66 28.3 27.92 27.64 27.16 26.72 26.54 26.46 25.94 25.72 25.38 24.8 24.78 24.42 
# MOHEFT, Sipht_58_1.0, runtime: 0.526573
makespan: 1325.64 1339.26 1606.48 1912.35 2167.31 2442.56 2627.44 3043.89 3270.52 3572.84 3573.84 4246.55 4657.53 4816.85 5798.28 5810.9 
cost: 29.22 29.06 28.66 28.3 27.92 27.64 27.16 26.72 26.54 26.46 25.94 25.72 25.38 24.8 24.78 24.42 
# MOHEFT, Sipht_58_1.0, runtime: 0.532929
makespan: 1325.64 1339.26 1606.48 1912.35 2167.31 2442.56 2627.44 3043.89 3270.52 3572.84 3573.84 4246.55 4657.53 4816.85 5798.28 5810.9 
cost: 29.22 29.06 28.66 28.3 27.92 27.64 27.16 26.72 26.54 26.46 25.94 25.72 25.38 24.8 24.78 24.42 
# MOHEFT, Sipht_97_1.0, runtime: 1.63847
makespan: 1372.43 1586.07 1621.77 1954.82 2237.48 2282.81 3032.88 3033.3 3301.48 3342.34 3802.26 4282.95 4290.4 4366.65 4604.32 5076.83 5080.06 5081.62 5593.44 5651.85 
cost: 43.28 43 42.6 41.68 41.24 40.68 39.42 39.34 39.22 38.74 38.7 38.52 38.36 37.96 37.56 37.52 37 36.92 36.79 36.32 
# MOHEFT, Sipht_97_1.0, runtime: 1.64784
makespan: 1372.43 1586.07 1621.77 1954.82 2237.48 2282.81 3032.88 3033.3 3301.48 3342.34 3802.26 4282.95 4290.4 4366.65 4604.32 5076.83 5080.06 5081.62 5593.44 5651.85 
cost: 43.28 43 42.6 41.68 41.24 40.68 39.42 39.34 39.22 38.74 38.7 38.52 38.36 37.96 37.56 37.52 37 36.92 36.79 36.32 
# MOHEFT, Sipht_97_1.0, runtime: 1.64099
makespan: 1372.43 1586.07 1621.77 1954.82 2237.48 2282.81 3032.88 3033.3 3301.48 3342.34 3802.26 4282.95 4290.4 4366.65 4604.32 5076.83 5080.06 5081.62 5593.44 5651.85 
cost: 43.28 43 42.6 41.68 41.24 40.68 39.42 39.34 39.22 38.74 38.7 38.52 38.36 37.96 37.56 37.52 37 36.92 36.79 36.32 
# MOHEFT, Sipht_97_1.0, runtime: 1.64881
makespan: 1372.43 1586.07 1621.77 1954.82 2237.48 2282.81 3032.88 3033.3 3301.48 3342.34 3802.26 4282.95 4290.4 4366.65 4604.32 5076.83 5080.06 5081.62 5593.44 5651.85 
cost: 43.28 43 42.6 41.68 41.24 40.68 39.42 39.34 39.22 38.74 38.7 38.52 38.36 37.96 37.56 37.52 37 36.92 36.79 36.32 
# MOHEFT, Sipht_97_1.0, runtime: 1.63956
makespan: 1372.43 1586.07 1621.77 1954.82 2237.48 2282.81 3032.88 3033.3 3301.48 3342.34 3802.26 4282.95 4290.4 4366.65 4604.32 5076.83 5080.06 5081.62 5593.44 5651.85 
cost: 43.28 43 42.6 41.68 41.24 40.68 39.42 39.34 39.22 38.74 38.7 38.52 38.36 37.96 37.56 37.52 37 36.92 36.79 36.32 
