# RSGA2, CyberShake_30_1.0, runtime: 3.78261, iterations: 513
makespan: 146.577 147.308 153.542 164.674 164.854 167.171 168.189 178.14 288.18 292.55 294.33 296.143 536.825 545.178 
cost: 2.68 2.6 2.4 2.31 2.23 2.2 2.12 2.08 2.02 1.98 1.96 1.9 1.88 1.78 
# RSGA2, CyberShake_30_1.0, runtime: 3.77969, iterations: 505
makespan: 146.577 146.612 153.542 160.908 167.686 168.191 272.835 282.205 292.075 294.335 296.405 536.68 654.4 
cost: 2.68 2.6 2.4 2.36 2.2 2.12 2.06 2 1.98 1.96 1.9 1.78 1.76 
# RSGA2, CyberShake_30_1.0, runtime: 3.77838, iterations: 516
makespan: 146.577 146.766 153.542 158.692 159.894 164.731 167.611 168.263 277.375 288.28 294.24 294.46 295.96 587.697 609.44 
cost: 2.64 2.6 2.4 2.38 2.36 2.23 2.2 2.12 2.11 2.02 2 1.96 1.9 1.85 1.8 
# RSGA2, CyberShake_30_1.0, runtime: 3.77829, iterations: 507
makespan: 146.577 146.583 147.308 153.542 158.246 158.426 164.923 165.109 167.534 168.191 272.15 289.229 290.091 294.335 295.98 536.797 545.165 
cost: 2.92 2.64 2.6 2.4 2.38 2.36 2.31 2.23 2.2 2.12 2.06 2.05 2 1.96 1.9 1.85 1.8 
# RSGA2, CyberShake_30_1.0, runtime: 3.77746, iterations: 511
makespan: 146.577 146.583 153.542 158.689 159.894 165.865 167.183 167.911 168.309 176.871 264.647 281.187 281.812 294.54 295.96 521.514 539.421 539.749 585.55 719.338 
cost: 2.68 2.6 2.4 2.38 2.36 2.27 2.23 2.2 2.12 2.08 2.06 2.05 2 1.96 1.9 1.88 1.85 1.8 1.78 1.76 
# RSGA2, CyberShake_50_1.0, runtime: 18.7598, iterations: 1316
makespan: 159.263 159.806 160.854 167.823 178.054 237.792 318.1 318.122 357.073 357.243 416.295 479.332 502.322 529.987 569.436 
cost: 4.26 4.24 3.92 3.64 3.4 3.37 3.36 3.31 3.27 3.22 3.2 3 2.95 2.93 2.89 
# RSGA2, CyberShake_50_1.0, runtime: 18.7518, iterations: 1284
makespan: 159.343 159.349 159.5 163.477 166.403 167.388 179.803 180.778 180.972 181.289 411.791 478.178 478.774 484.552 484.954 485.144 487.429 532.065 532.458 666.202 749.302 825.044 825.377 
cost: 4.34 4.24 4.16 4.07 4 3.64 3.48 3.42 3.37 3.35 3.29 3.24 3.2 3.19 3.15 3.1 3.08 3.01 2.96 2.94 2.92 2.89 2.84 
# RSGA2, CyberShake_50_1.0, runtime: 18.7606, iterations: 1332
makespan: 159.263 160.209 160.854 163.477 165.408 166.952 167.338 167.78 168.177 173.749 179.857 196.47 230.914 441.416 448.245 453.61 455.61 465.385 465.397 485.445 564.933 587.225 587.65 
cost: 4.32 4.24 4.16 4 3.92 3.87 3.79 3.72 3.64 3.55 3.48 3.4 3.37 3.34 3.32 3.31 3.24 3.17 3.12 3.06 3.02 2.97 2.92 
# RSGA2, CyberShake_50_1.0, runtime: 18.7536, iterations: 1279
makespan: 159.269 164.918 165.945 169.145 173.894 183.885 195.703 217.849 237.302 250.11 458.966 471.181 477.646 481.222 524.75 563.922 563.967 565.28 565.392 580.783 666.202 666.615 
cost: 4.16 3.92 3.79 3.64 3.55 3.42 3.4 3.37 3.32 3.3 3.17 3.07 3.05 3.03 3.01 3 2.98 2.95 2.93 2.92 2.88 2.86 
# RSGA2, CyberShake_50_1.0, runtime: 18.7525, iterations: 1273
makespan: 159.269 169.5 179.729 236.421 251.308 259.924 289.407 442.132 452.727 453.097 467.603 475.66 481.314 532.762 564.9 604.325 825.115 825.31 825.365 825.377 
cost: 4.16 3.64 3.4 3.37 3.35 3.31 3.3 3.24 3.21 3.14 3.1 3.05 2.99 2.97 2.96 2.94 2.92 2.9 2.89 2.87 
# RSGA2, CyberShake_100_1.0, runtime: 36.9007, iterations: 885
makespan: 188.9 188.906 189.109 189.376 193.643 195.078 199.969 205.778 206.515 209.257 210.784 221.251 228.096 230.077 237.495 288.578 289.781 310.748 311.156 370.971 392.688 424.483 426.356 471.46 542.641 544.912 592.677 595.718 597.388 
cost: 7.81 7.57 7.39 7.37 7.23 7.1 6.66 6.51 6.45 6.28 6.19 6.04 5.95 5.8 5.76 5.75 5.62 5.56 5.52 5.47 5.45 5.39 5.33 5.29 5.17 5.14 5.06 5 4.98 
# RSGA2, CyberShake_100_1.0, runtime: 36.9311, iterations: 891
makespan: 188.9 188.906 192.287 203.283 210.67 212.272 219.815 220.106 232.151 234.502 251.904 288.578 289.781 289.808 315.487 348.225 367.681 434.009 438.047 438.997 456.567 559.189 559.439 593.38 634.194 710.575 
cost: 7.84 7.12 6.76 6.52 6.39 6.1 6.08 6 5.9 5.8 5.71 5.67 5.62 5.57 5.54 5.53 5.49 5.43 5.41 5.36 5.28 5.17 5.02 4.96 4.94 4.88 
# RSGA2, CyberShake_100_1.0, runtime: 36.9132, iterations: 881
makespan: 187.203 188.906 196.28 197.56 201.703 202.801 204.732 208.146 208.199 212.34 215.581 219.891 221.214 226.274 233.47 234.397 235.851 236.758 237.229 237.846 288.018 288.398 289.523 331.609 332.051 333.221 437.414 438.997 456.567 468.806 537.763 548.882 549.432 585.851 597.25 655.204 661.191 689.484 
cost: 7.88 7.1 7.03 6.79 6.71 6.68 6.58 6.51 6.36 6.27 6.19 6.07 6.02 5.99 5.94 5.91 5.84 5.81 5.76 5.73 5.7 5.62 5.57 5.48 5.46 5.44 5.41 5.38 5.28 5.27 5.24 5.22 5.14 5.08 5 4.97 4.92 4.9 
# RSGA2, CyberShake_100_1.0, runtime: 36.9277, iterations: 878
makespan: 194.268 202.493 209.648 210.057 212.805 216.354 222.926 230.891 231.884 232.48 233.215 236.66 236.921 237.815 275.205 289.781 294.096 297.523 342.306 393.539 446.914 456.567 471.46 530.122 531.347 563.6 592.937 656.463 675.618 679.251 705.342 705.475 
cost: 7.12 6.39 6.36 6.28 6.25 6.24 6.14 6.04 5.96 5.95 5.79 5.77 5.76 5.68 5.67 5.63 5.62 5.56 5.55 5.5 5.42 5.32 5.29 5.22 5.11 5.03 5.02 5 4.98 4.9 4.88 4.8 
# RSGA2, CyberShake_100_1.0, runtime: 36.9059, iterations: 881
makespan: 187.203 187.209 189.078 196.452 198.215 203.926 204.048 212.395 216.446 218.786 231.477 234.797 236.047 241.884 260.581 288.578 293.908 360.544 370.112 370.691 398.34 408.138 451.315 451.607 456.567 543.683 544.158 547.644 610.863 638.512 711.075 717.555 
cost: 8.87 7.04 6.8 6.66 6.63 6.56 6.28 6.21 6.14 6.06 5.91 5.88 5.82 5.69 5.67 5.62 5.61 5.48 5.43 5.41 5.4 5.39 5.36 5.32 5.28 5.2 5.12 5.05 5.01 4.93 4.8 4.78 
# RSGA2, Epigenomics_24_1.0, runtime: 3.05972, iterations: 438
makespan: 1594.59 1650.65 1693.69 1856.09 1889.78 2054.94 2145.64 2273.05 2372.77 2482.44 2616.42 2780.83 2849.25 3474.05 3529.09 3772.45 3910.69 3983.34 4035.64 4281.74 4334.03 4522.26 4742.41 4874.37 4988.02 4993.1 5004.73 5143.49 5303.12 5376.39 5524.52 5822.91 5978.8 6866.03 6878.99 7010.22 13388.9 13482.1 
cost: 45.24 44.96 44.72 44.47 44.16 43.64 43.48 42.96 42.8 42.52 42.44 42.24 42.15 41.84 41.66 41.56 41.38 41.02 40.84 40.82 40.28 40.14 39.93 39.7 39.58 39.34 39.06 38.94 38.78 38.62 38.12 37.84 37.56 37.5 37.22 37.1 37.03 37 
# RSGA2, Epigenomics_24_1.0, runtime: 3.06276, iterations: 436
makespan: 1594.59 1651.13 1685 1833.24 1860.07 1907.41 2037.87 2096.43 2256.42 2310.24 2474.15 2594.12 2769.9 2892.51 3544.1 3621.74 3771.49 3842.5 4074.13 4173.95 4394.7 4512.3 4612.13 4747.5 4832.88 4975.39 5025.94 5107.94 5273.78 5406.33 5521.87 5642.98 5841.74 5962.66 5969.05 6859.73 6950.03 7013.43 
cost: 45.32 44.96 44.72 44.68 44.32 44.16 43.72 43.4 42.96 42.8 42.6 42.38 42.04 41.82 41.66 41.6 41.33 41.1 41 40.78 40.28 40.14 39.92 39.58 39.42 39.06 38.92 38.84 38.78 38.56 38.04 37.82 37.68 37.54 37.46 37.38 37.16 37 
# RSGA2, Epigenomics_24_1.0, runtime: 3.0615, iterations: 444
makespan: 1594.59 1652.04 1685.43 1857.56 1972.57 2045.06 2104.73 2258.68 2404.21 2488.13 2598.66 2786.52 2875.65 3478.24 3742.95 3982.57 3984.04 4107.34 4289.44 4414.1 4503.9 4744.35 4802.29 4975.24 5105.49 5273.63 5403.88 5538.49 5575.81 5656.03 5874.2 5954.42 6881.26 6900.36 6998.8 10474 13383 13395.3 
cost: 45.4 44.96 44.72 44.32 44.1 43.64 43.48 42.96 42.8 42.52 42.44 41.96 41.9 41.82 41.42 41.24 40.72 40.64 40.44 40.28 39.98 39.86 39.7 39.06 38.9 38.78 38.62 38.24 38.04 37.88 37.76 37.6 37.5 37.3 37.14 37.08 37.03 36.98 
# RSGA2, Epigenomics_24_1.0, runtime: 3.06163, iterations: 438
makespan: 1594.59 1596.85 1661.59 1811.14 1859.86 2029.36 2041.26 2218.67 2253.51 2395.45 2471.51 2594.12 2769.9 2892.51 3488.07 3634.18 3786.46 3932.58 3987.24 4154.89 4290.5 4441.44 4449.81 4610.2 4748.46 4939.07 4973.96 5107.94 5272.35 5468.81 5521.87 5642.98 5834.43 6011.97 6864.64 7056.34 13423.5 13472.9 
cost: 45.4 45.32 44.96 44.76 44.4 44.2 43.74 43.44 42.96 42.76 42.6 42.4 42.04 41.84 41.82 41.62 41.54 41.34 41 40.8 40.64 40.37 40.14 39.94 39.66 39.44 39.06 38.94 38.78 38.56 38.04 37.92 37.76 37.54 37.3 37.08 37.06 36.98 
# RSGA2, Epigenomics_24_1.0, runtime: 3.05973, iterations: 449
makespan: 1594.59 1634.82 1664.24 1856.24 1913.74 1914.14 2037.87 2059.34 2258.19 2310.95 2479.38 2561.41 2777.77 2902.87 3364.75 3551 3779.36 3834.57 3979.36 4031.57 4277.76 4448 4527.12 4742.12 4845.49 4973.96 5005.43 5182.12 5412.78 5524.52 5654.54 5822.91 5952.93 6860.01 6872.65 6997.31 10487.1 10550.5 
cost: 45.24 44.88 44.52 44.32 44.16 43.88 43.64 43.12 42.96 42.72 42.52 42.36 41.96 41.88 41.76 41.58 41.34 41.1 41 40.76 40.44 40.14 39.9 39.68 39.42 39.16 39.06 38.86 38.58 38.06 37.84 37.78 37.56 37.5 37.22 37.1 37.08 37 
# RSGA2, Epigenomics_47_1.0, runtime: 38.0721, iterations: 2677
makespan: 2208.07 2220.64 2370.94 2391.03 2636.82 2751.64 2760.86 2784.53 2847.31 2941.31 3184.56 3435.21 3483.24 3516.13 3546.57 3767.12 3915.95 4235.02 4258.87 4322.1 4690.16 5008.29 5179.19 5261.51 5282.59 5307.06 5332.95 5651.71 5866.79 5909.66 6125.07 6130.94 6205.57 6207.59 6280.71 6294.1 6374.52 6469.67 6828.1 8008.83 8053.48 8412.31 9664.1 14392.2 19081.8 
cost: 103.54 103.28 102.88 102.48 101.79 101.27 101.12 100.6 100.04 99.54 99.26 98.9 98.74 98.28 97.94 97.66 97.2 96.95 96.45 96.12 95.88 95.6 95.23 94.73 94.28 93.9 93.62 93.48 93.14 92.72 92.4 91.9 91.48 90.99 90.64 90.34 89.46 88.94 88.7 87.64 87.16 86.92 86.5 86.4 86.38 
# RSGA2, Epigenomics_47_1.0, runtime: 38.0775, iterations: 2696
makespan: 2208.07 2353.74 2372.14 2389.24 2641.1 2755.8 2796.97 2811.09 2852.07 3050.11 3412.26 3510.57 3869.41 3887.96 4207.68 4292.73 4333.5 5054.27 5194.62 5223.72 5236.81 5280.39 5306.37 5665.2 5861.66 5996.35 6162.59 6205.45 6212.84 6222.02 6309.84 6376.08 6460.99 6819.42 7193.24 8008.83 8053.48 8412.31 9633.51 9668.23 11505.7 12625.2 12632.7 14348.7 15964.9 
cost: 103.54 103.08 102.68 101.96 101.48 101.2 100.75 100.31 99.71 99.22 98.77 97.97 97.73 97.23 96.8 96.52 96.1 96.06 95.54 95.15 94.54 94.12 93.62 93.38 92.96 92.5 92.04 91.54 90.84 90.72 90.26 89.6 89.1 88.86 88.7 87.9 87.26 87.02 86.96 86.6 86.56 86.55 86.46 86.44 86.36 
# RSGA2, Epigenomics_47_1.0, runtime: 38.0711, iterations: 2655
makespan: 2208.07 2369.6 2393.12 2641.1 2745.68 2773.4 2819.82 2857.97 2970.13 3194.55 3420.49 3462 3533.18 3873.56 3900.52 3905.98 4205.67 4277.69 4636.53 4916.6 5169.49 5189.85 5206.18 5256.65 5259.49 5618.32 5860.96 5879.54 6125.41 6151.63 6247.43 6252.65 6401.88 6421.75 6432.79 6788.41 8008.83 8035.87 8144.71 8453.53 9650.63 9759.46 11512 11558.3 12650.3 
cost: 103.54 102.98 102.48 101.92 101.27 100.96 100.44 99.84 99.52 99.24 98.9 98.82 97.82 97.62 97.36 96.8 96.28 96 95.76 95.72 95.59 95.08 94.56 93.78 93.5 93.26 92.92 92.6 91.88 91.36 91.08 90.32 89.8 89.28 88.92 88.68 88.21 87.42 87.22 87 86.76 86.56 86.55 86.46 86.44 
# RSGA2, Epigenomics_47_1.0, runtime: 38.078, iterations: 2573
makespan: 2208.07 2391.81 2395.4 2667.48 2688.5 2773.55 2782.29 2818.04 2875.65 2890.48 3246.09 3401.41 3500.65 3726.81 3876.49 4213.54 4251.55 4349.85 4708.69 5192.01 5221.72 5236.81 5244.93 5292.88 5651.71 5890.21 5904.2 5933.07 6131.68 6208.14 6274.83 6301.1 6320.05 6386.96 6478.56 6498.06 6853.68 8008.83 8053.48 8412.31 9664.1 12637.3 13313 14392.2 14495.5 
cost: 103.54 102.86 102.52 102.16 101.76 101.4 100.93 100.41 100.23 99.71 99.47 99.01 98.21 97.93 97.47 97.08 96.67 96.18 95.94 95.9 95.36 94.72 94.3 93.98 93.74 93.42 93.36 92.8 92.42 92.16 91.27 90.89 90.42 89.8 89.46 89.02 88.78 87.82 87.24 87 86.58 86.56 86.5 86.46 86.38 
# RSGA2, Epigenomics_47_1.0, runtime: 38.0777, iterations: 2562
makespan: 2208.07 2427.3 2698.95 2759.21 2805.46 2867.72 2878.5 3228.37 3467.13 3529.25 3540.97 3890.84 3932.7 4222.33 4231.3 4291.53 5019.77 5063.33 5205.95 5238.8 5259.96 5308.33 5861.73 5888.61 6137.54 6152.88 6221.65 6239.54 6408.48 6443.97 6818.83 6859.9 7223.97 8009.03 8050.87 8116 8466.13 9626.6 9691.6 10289.4 11218 11655.9 13799.9 14400.8 22794.1 
cost: 103.54 102.96 102.25 101.07 100.55 100.22 99.7 99.46 99.1 98.57 98.05 97.81 97.31 96.88 96.36 96.1 95.95 95.67 94.89 94.79 94.16 93.68 93.22 92.78 92.4 91.72 91.16 90.68 90.08 89.46 89.34 89.06 88.86 88.36 87.72 87.42 87.18 87.06 86.76 86.68 86.66 86.58 86.56 86.48 86.46 
# RSGA2, Epigenomics_100_1.0, runtime: 87.6221, iterations: 2087
makespan: 8535.21 8880.86 9154.03 9578.1 9872.73 10076.2 10835.9 11482.9 11489.6 11735.4 11781.8 11982.8 13532 13532.1 14107.4 16291.6 17232.1 18097.1 18551.3 18552.7 18914.2 19538 19545.8 20154.8 21201 21614 21623.2 21995.5 21996.3 22497.2 23677.7 24375.8 24438 24447.1 24463.4 25986.6 26624.3 26638.4 26741.7 26752.1 27237.3 27246.4 28476.1 29835.6 31122.4 31172.5 31265.6 32645.9 37307.8 39468.6 46502.7 47449.4 54662.7 60210.5 65319 71963.7 119767 119790 253236 253259 
cost: 995.31 989.43 985.2 982.81 978.87 976.43 974.14 969.59 964.73 961.86 959.42 956.41 953.22 950.02 946.81 943.83 940.57 937.5 934.24 930.64 923.5 916.52 916.43 912.41 908.59 907.78 904.21 899.56 899.41 895.48 891.1 887.01 886.21 882.07 881.45 877.29 872.49 871.69 867.62 866.81 862.42 861.61 857.08 855.51 851 850.19 844.67 843.62 842.32 841.54 841.41 841.06 841.04 840.84 840.76 840.66 840.63 840.56 840.53 840.46 
# RSGA2, Epigenomics_100_1.0, runtime: 87.61, iterations: 2006
makespan: 8535.21 8594.04 8895.9 8897.15 9596.14 10093.8 10554 10872.7 11482 11789.4 11837.6 12471.4 13536.5 13590.8 14703 16261.5 18053.6 18230.3 18517.7 18928.4 19501.2 20152.4 20195.6 21221.2 21604.4 21979 22543.3 23676.3 24380.5 24461.5 25992.4 26090.4 26628.7 26628.7 26744.2 26763.7 27240.1 27310.5 28477.4 28538.7 31121.8 31267.7 31267.8 31334.3 37311.7 37365.7 50417.8 53962.2 64518.5 68906.6 78131.1 78147.5 88695.8 88711 116127 130491 154048 154050 234786 242578 
cost: 995.31 993.67 989.51 987.1 983.06 978.95 974.59 968.65 965.84 962.99 960.25 954.16 950.7 947.69 944.32 941.06 938.02 934.32 930.78 923.62 919.96 917.08 912.64 908.32 904.46 900.2 895.96 892.15 887.31 882.61 877.83 877.73 873.29 872.4 868.49 867.68 863.11 861.8 857.85 856.36 852.06 850.34 845.52 844.52 842.69 841.82 841.64 841.06 840.96 840.86 840.8 840.76 840.68 840.66 840.6 840.58 840.56 840.54 840.5 840.46 
# RSGA2, Epigenomics_100_1.0, runtime: 87.6044, iterations: 2129
makespan: 8535.21 8721.15 8897.15 9577.2 9788.73 10081.1 10840.7 10864.5 11532.1 11786 11981.2 12477.4 13533.4 13586.7 14603.2 16244.4 18052.3 18476.8 18689.5 18909 19498.9 19537.6 19821.3 20136.1 21203.2 21612.9 21637.5 21989.3 21992.3 22486.8 22528.1 23675.9 24377.6 24426.1 24448.9 25843.2 26007.7 26061.2 26625.8 26743.1 26805.9 27238 27293.7 28476.1 29890.2 31123.1 31173.6 31265.6 35229.5 37307.8 41271.6 48399.7 49816.9 59209.8 68561.9 88752.9 88773.4 133405 168752 301554 
cost: 995.31 991.41 987.1 983.89 982.98 979.53 973.3 968.49 965.05 960.21 956.84 953.64 949.84 946.24 943.86 940.52 936.9 933.88 927.12 924.16 920.62 916.27 915.74 911.9 908.34 905.33 904.04 900.3 900.22 896.6 895.33 891.48 887 886.42 882.52 881.28 877.38 876.78 872.37 868.21 866.82 863.02 861.54 857.16 855.44 850.86 850.22 844.7 844.18 842.2 841.68 841.34 841.08 841.03 840.74 840.7 840.64 840.56 840.5 840.46 
# RSGA2, Epigenomics_100_1.0, runtime: 87.6248, iterations: 2073
makespan: 8535.21 8892 8898.47 9141.72 9591.33 10084.9 10086.4 10552.2 10839.1 10872.6 11481.2 11733.5 11977.7 12521.5 13579.7 13636.3 16288.5 16600.4 18054.6 18512.9 18690.6 18918.3 19485.4 19539.7 20139.8 21203.2 21610.9 21998 22491.2 23677.5 23711.8 24380.8 24453.3 25991.2 26016.9 26052.1 26623.5 26688.2 26743.1 26806.3 27238.3 27298.6 28476.1 28528.9 31121.8 31172.4 31265.6 31315 37297.4 37357.2 48105.9 54036.3 62767.3 64519.6 72019.5 88706.3 129183 129197 317973 317997 
cost: 995.31 991.59 989.55 986.42 983.82 979.62 976.7 974.58 972.08 969.64 965.35 962.43 956.43 953.31 949.95 945.99 943.75 940.64 937.08 930.79 927.05 923.44 919.54 916.23 912.24 908.47 904.57 900.36 896.02 895.19 891.14 887.49 882.86 881.36 877.25 877.08 873.04 871.85 867.88 866.62 862.06 861.34 856.96 856 851.34 850.29 844.7 844.34 842.72 841.84 841.79 841.2 841.18 840.96 840.68 840.63 840.58 840.56 840.53 840.46 
# RSGA2, Epigenomics_100_1.0, runtime: 87.6018, iterations: 2092
makespan: 8535.21 8897.15 8897.26 9160.64 9575.82 9876.43 10081.5 10552.6 10864.4 11480.7 11733.5 11982.1 12473.4 13531.8 13589.7 16255 16271.7 18053.6 18227.4 18514.1 18692.3 18923.5 19489.4 19538.6 20183.7 21197 21615 21974.5 22486.3 22503.3 23677.2 23679.9 24382.6 24451.3 25366.8 25991.3 25992.9 26623.4 26624.3 26807.6 26820.5 27238.4 27309.1 28477.1 29862.6 31122.5 31184.6 31265.7 32654.3 37297.4 37807.7 48369.1 52351.3 59515.1 65617.5 75990.3 82697.1 82711.6 184874 227663 
cost: 995.31 992.42 987.91 985.71 983.47 979.56 977.12 973.78 968.38 965.23 962.31 959.47 953.58 950.52 946.79 942.79 942.4 938.94 935.5 932.16 928.44 924.92 920.07 916.35 912.67 908.74 905.15 900.98 897.46 896.13 893.08 892.42 888.08 884.26 881.8 879.22 878 874.14 873.88 867.56 867.16 862.78 861.5 857.68 855.2 851.62 850.16 845.24 843.84 842.84 841.6 841.58 840.96 840.9 840.76 840.66 840.58 840.56 840.5 840.46 
# RSGA2, Inspiral_30_1.0, runtime: 12.6462, iterations: 1230
makespan: 381.48 385.612 392.471 413.406 462.007 471.032 483.23 491.556 504.935 512.947 597.842 622.68 675.285 698.257 705.911 767.953 832.099 853.84 868.139 925.198 943.121 995.178 1009.31 1208.75 1216.15 1246.53 1302.47 1344.74 1356.93 1473.38 1482.41 1504 1551.87 1565.08 1665.04 1676.93 2088.86 2092.4 2144.32 
cost: 17.44 17.31 17.19 17.12 17.02 16.89 16.64 16.56 16.48 16.4 16.38 16.34 16.28 16.17 16.04 15.98 15.82 15.65 15.58 15.49 15.34 15.26 15.14 15.12 15.1 15 14.9 14.81 14.74 14.62 14.49 14.42 14.34 14.26 14.21 14.14 14.1 14.08 13.98 
# RSGA2, Inspiral_30_1.0, runtime: 12.6443, iterations: 1222
makespan: 381.482 381.596 454.006 461.4 469.392 511.026 617.84 629.778 675.951 688.003 748.802 760.855 781.27 819.107 831.16 853.515 854.373 912.525 923.82 939.545 991.028 1008.6 1132.36 1226.63 1238.79 1246.45 1255.48 1344.37 1356.37 1466.68 1491.27 1498.79 1560.68 1572.43 1665.04 1676.93 2169.2 2180.95 2817.16 
cost: 16.98 16.88 16.8 16.64 16.56 16.48 16.47 16.32 16.23 16.16 16.09 16.04 15.96 15.89 15.82 15.77 15.7 15.61 15.52 15.42 15.36 15.28 15.26 15.19 15.08 14.92 14.84 14.71 14.64 14.62 14.52 14.42 14.39 14.32 14.21 14.14 14.05 14.04 14.03 
# RSGA2, Inspiral_30_1.0, runtime: 12.6487, iterations: 1270
makespan: 381.49 425.379 425.618 434.428 458.688 500.058 586.657 600.195 706.019 756.651 776.077 844.706 858.217 859.814 924.691 924.97 927.708 939.688 998.624 1029.05 1044.58 1113.37 1172.3 1185.28 1233.92 1248.55 1304.84 1334.32 1335.3 1478.27 1490.96 1497.12 1556.1 1572.42 1656.12 1669.49 2007.13 2029.42 2828.91 
cost: 16.96 16.88 16.8 16.72 16.6 16.44 16.32 16.24 16.2 16.18 16.08 16.05 15.96 15.86 15.79 15.74 15.61 15.52 15.48 15.41 15.3 15.28 15.24 15.16 15.11 15.02 14.98 14.89 14.74 14.72 14.63 14.58 14.44 14.32 14.26 14.08 14.06 13.98 13.96 
# RSGA2, Inspiral_30_1.0, runtime: 12.6488, iterations: 1244
makespan: 381.48 386.791 456.897 461.298 512.276 541.007 608.801 617.716 669.224 690.191 697.062 733.941 759.868 771.581 822.266 833.98 852.635 902.404 909.142 924.691 1106.25 1209 1234.07 1240.81 1255.96 1311.44 1433.02 1462.1 1486.52 1508.23 1545.63 1564.47 1623.59 1704.52 1744.99 1756.97 2146.86 2313.83 2325.54 
cost: 17.28 17.04 16.8 16.64 16.56 16.44 16.32 16.19 16.16 16.04 15.94 15.91 15.84 15.77 15.71 15.64 15.58 15.52 15.4 15.34 15.32 15.26 15.2 15.08 15.02 14.96 14.86 14.71 14.59 14.52 14.49 14.34 14.24 14.22 14.19 14.12 14.1 14.09 14 
# RSGA2, Inspiral_30_1.0, runtime: 12.6508, iterations: 1237
makespan: 381.48 381.691 385.172 396.945 502.606 514.517 534.7 534.939 608.47 682.081 693.475 735.239 744.479 762.454 774.607 791.449 806.167 838.016 842.574 845.311 857.291 917.031 921.588 928.819 936.306 1122.07 1251.1 1255.1 1255.96 1473.93 1477.63 1478.27 1491.27 1498.79 1560.68 1572.43 1665.02 1665.19 1689.88 
cost: 17.54 17.02 16.74 16.72 16.71 16.64 16.31 16.26 16.18 16.11 16.07 16.04 15.97 15.89 15.82 15.78 15.72 15.69 15.64 15.57 15.48 15.45 15.4 15.28 15.24 15.22 15.13 14.98 14.96 14.8 14.72 14.62 14.51 14.42 14.39 14.32 14.21 14.11 14.01 
# RSGA2, Inspiral_50_1.0, runtime: 42.1816, iterations: 2242
makespan: 403.086 471.303 478.614 518.638 532.64 541.966 585.07 610.234 633.849 637.727 660.045 672.237 696.2 711.982 762.855 803.051 845.324 901.893 911.903 964.53 1041.19 1051.2 1086.82 1136.78 1175.61 1225.57 1271.98 1277.75 1331.66 1343.3 1433.9 1485.38 1486.7 1517.91 1567.38 1589.67 1598.8 1695.51 1731.06 1771.72 1860.88 1868.4 2480.2 2881.51 2881.59 
cost: 31.88 31.52 31 30.81 30.49 30.42 30.06 29.98 29.84 29.6 29.37 29.3 29.23 29 28.88 28.84 28.74 28.58 28.3 28.18 28.12 27.9 27.7 27.58 27.34 27.24 27.16 26.96 26.73 26.66 26.59 26.5 26.3 26.08 25.88 25.66 25.53 25.43 25.24 25.06 24.98 24.88 24.8 24.78 24.7 
# RSGA2, Inspiral_50_1.0, runtime: 42.1805, iterations: 2229
makespan: 403.088 490.675 522.384 537.487 585.408 600.324 621.255 665.167 675.968 695.012 710.794 747.659 769.791 775.771 909.651 942.73 963.161 1001.28 1039.84 1048.89 1076.93 1150.98 1179.35 1183.09 1193.31 1198.32 1275.51 1348.04 1357.23 1479.33 1488.52 1523.32 1532.52 1585.95 1673.91 1702.43 1755.35 1764.1 1909.45 1915.56 2421.24 3305.82 5541.36 6130.32 6134.84 
cost: 31.02 30.74 30.48 30.3 30.14 29.85 29.78 29.65 29.58 29.39 29.23 29.04 29 28.72 28.6 28.42 28.19 28 27.84 27.7 27.58 27.54 27.38 27.2 27.02 26.8 26.69 26.54 26.34 26.28 26.08 25.9 25.7 25.56 25.52 25.39 25.2 25.06 25.04 24.96 24.88 24.78 24.74 24.73 24.68 
# RSGA2, Inspiral_50_1.0, runtime: 42.1822, iterations: 2240
makespan: 403.086 404.391 426.032 441.677 445.596 459.48 581.161 585.213 591.163 614.962 627.189 665.468 672.828 701.264 789.385 827.103 878.163 906.58 909.647 934.904 992.546 1048.77 1096.09 1111.58 1190.62 1256.97 1268.02 1271.98 1337.65 1353.28 1514.15 1530.62 1532.46 1546.17 1603.09 1693.63 1707.17 1764.08 1897.19 2051.99 2402.3 2694.16 4831.4 4843.58 8265.27 
cost: 31.36 31.28 30.88 30.86 30.62 30.44 30.14 29.94 29.74 29.55 29.46 29.33 29.17 28.98 28.68 28.53 28.32 28.03 27.92 27.8 27.64 27.5 27.4 27.26 27.14 27 26.82 26.7 26.52 26.32 26.22 26.08 25.96 25.78 25.6 25.44 25.26 25.14 25.04 25.02 24.94 24.84 24.81 24.74 24.68 
# RSGA2, Inspiral_50_1.0, runtime: 42.1955, iterations: 2242
makespan: 403.086 448.076 451.898 460.907 477.32 494.595 541.241 555.457 568.119 597.752 621.394 634.474 639.933 686.009 691.469 727.886 837.163 849.484 877.251 951.637 982.253 994.006 1093.45 1098.32 1102.73 1137.14 1284.29 1306.22 1371.71 1375.66 1452.12 1498.37 1515.21 1518.74 1534.37 1599.21 1673.55 1699.24 1703.21 1776.74 1860.98 2271.77 2356.02 4477.13 6255.98 
cost: 31.72 31.68 31.24 31.16 30.8 30.52 30.36 30.18 30 29.84 29.66 29.48 29.3 29.16 28.98 28.86 28.77 28.63 28.48 28.39 28.16 28.08 27.91 27.74 27.48 27.24 27.14 26.91 26.78 26.56 26.5 26.36 26.16 25.96 25.76 25.58 25.54 25.26 25.14 24.96 24.86 24.78 24.68 24.66 24.58 
# RSGA2, Inspiral_50_1.0, runtime: 42.1977, iterations: 2279
makespan: 403.086 421.014 451.073 453.194 486.754 528.484 532.328 546.118 546.426 555.458 632.013 651.34 727.895 748.665 759.331 858.614 898.261 928.846 989.888 1032.3 1053.53 1110.97 1111.81 1181.34 1194.7 1208.6 1266.89 1288.08 1348.18 1351.9 1443.21 1452.49 1515.09 1537.79 1542.17 1598.8 1669.95 1689.57 1719.7 1764.2 1892.35 2699.18 2925.53 3436.48 8722.9 
cost: 31.9 31.7 31.52 31.2 30.78 30.42 30.18 29.95 29.72 29.62 29.4 29.3 29.16 28.98 28.84 28.76 28.7 28.46 28.44 28.28 28.06 27.9 27.78 27.59 27.46 27.26 27.05 26.98 26.8 26.6 26.5 26.27 26.07 25.96 25.78 25.63 25.54 25.32 25.16 24.98 24.88 24.86 24.78 24.68 24.58 
# RSGA2, Inspiral_100_1.0, runtime: 98.9045, iterations: 1867
makespan: 380.789 380.854 381.849 458.248 466.322 470.685 537.996 545.38 545.751 545.825 584.443 585.332 589.196 595.948 618.068 624.249 629.8 755.569 804.422 806.1 832.029 848.006 923.343 990.875 1004.36 1071.83 1102.9 1104.84 1130.17 1149.69 1212.05 1219.7 1299.07 1313.1 1334.32 1339.07 1355.44 1358.58 1365.52 1429.18 1501.55 1518.69 1519.98 1791.21 1819.16 1824.42 1825.66 1837.86 2191.24 2244.9 2726.85 2729.3 3288.87 3399.28 4081.93 4495.22 5121.42 7876.18 8469.87 12258 
cost: 57.58 56.98 56.68 56.47 55.96 55.32 54.86 54.66 54.42 54.24 54.08 53.9 53.71 53.49 53.06 52.89 52.68 52.56 52.5 51.94 51.86 51.65 51.33 51.14 50.94 50.8 50.35 50.04 49.92 49.56 49.4 49.16 49.02 48.78 48.66 48.38 47.98 47.72 47.16 46.98 46.77 46.61 46.13 46.03 45.74 45.7 45.42 45.22 45.2 45.1 44.82 44.72 44.62 44.52 44.42 44.32 44.22 44.12 44.1 44.02 
# RSGA2, Inspiral_100_1.0, runtime: 98.8978, iterations: 1874
makespan: 380.789 380.858 383.453 435.872 520.519 531.67 551.344 567.035 597.57 609.683 623.68 639.482 654.546 697.095 752.573 789.208 846.468 890.128 912.16 937.106 1031.94 1048.73 1049.9 1071.85 1102.61 1149.86 1226.16 1228.31 1247.81 1269.2 1271.99 1337.37 1414.93 1418.85 1423.87 1470.58 1488.39 1500.49 1511.08 1592.7 1652.54 1706.09 1713.52 1715.8 1889.03 1904.19 1993.45 2030.91 2187.12 2280.13 2445.97 2491.63 3609.36 3678.6 3959.9 4074.44 4258.05 4677.82 5036.08 8913.31 
cost: 59.48 57.38 57.36 55.13 54.95 54.53 54.35 54.11 53.9 53.7 53.45 53.2 52.9 52.69 52.49 52.43 52.26 51.71 51.36 51.08 51.05 50.61 50.31 50.03 49.91 49.75 49.69 49.31 49.07 48.81 48.59 48.35 48.12 47.77 47.57 47.39 47.13 46.87 46.53 46.28 46.1 46 45.76 45.52 45.5 45.3 45.14 45 44.96 44.8 44.58 44.54 44.5 44.34 44.3 44.22 44.16 44.14 44.04 44.02 
# RSGA2, Inspiral_100_1.0, runtime: 98.939, iterations: 1918
makespan: 380.793 380.858 381.103 441.099 456.023 461.037 477.35 482.94 566.186 589.223 590.709 606.657 607.603 609.607 615.85 619.671 684.083 728.165 850.973 863.768 976.271 977.259 1047.41 1051.5 1056.59 1061.34 1194.03 1245.01 1263.22 1301.61 1334.11 1343.19 1351.77 1353.7 1368.27 1412.49 1413.79 1503.36 1518.64 1525.62 1556.31 1778.52 1923.31 1936.28 2041.79 2051.62 2075.39 2382.08 2466.67 2668.38 2757.64 2804.39 3268.71 3616.45 4151.79 4158.01 4945.93 7397.14 13582.6 15842.8 
cost: 60.44 58.08 57.6 56.99 56.02 55.7 55.4 54.96 54.86 54.44 54.04 54 53.67 53.48 53.1 52.93 52.46 52.14 51.86 51.66 51.32 51.08 50.9 50.7 50.39 50.24 50.02 49.72 49.27 49.02 48.71 48.45 48.11 48.09 47.65 47.46 47.26 46.9 46.57 46.34 46.14 45.94 45.76 45.64 45.5 45.3 45.1 44.92 44.82 44.7 44.52 44.42 44.38 44.32 44.3 44.22 44.12 44.02 43.98 43.92 
# RSGA2, Inspiral_100_1.0, runtime: 98.9291, iterations: 1914
makespan: 380.789 380.854 384.316 439.713 439.942 449.37 453.936 478.95 493.254 494.577 503.387 503.992 512.337 574.063 575.068 586.486 624.932 626.436 857.903 869.391 870.88 1089.24 1136.52 1142.89 1148.11 1195.22 1202.82 1221.14 1239.68 1288.94 1348.84 1350.82 1373.59 1381.39 1383.77 1420.35 1430.97 1438.98 1510.12 1518.68 1529.84 1745.45 1769.44 2062.71 2183.18 2354.42 2392.55 2523.01 2528.2 2894.26 3100.38 3147.42 3270.13 3390.74 3452.74 4544.3 4551.98 5597.3 5601.15 7246.08 
cost: 58.3 57.78 57.64 56.94 56.82 56.32 56 55.65 55.22 54.92 54.66 54.38 53.99 53.84 53.24 52.92 52.56 52.48 51.92 51.46 51.23 50.87 50.57 50.19 50.05 49.8 49.7 49.34 49.22 49.01 48.71 48.37 48.09 47.99 47.69 47.34 47.14 46.96 46.76 46.24 45.96 45.67 45.41 45.37 45.21 45.1 44.93 44.88 44.74 44.68 44.66 44.56 44.48 44.44 44.34 44.26 44.24 44.14 44.06 44.04 
# RSGA2, Inspiral_100_1.0, runtime: 98.9351, iterations: 1933
makespan: 380.791 381.103 381.182 382.099 434.509 437.046 438.673 442.155 454.876 467.617 527.163 582.7 599.009 608.417 657.723 660.246 713.287 828.914 882.485 905.264 959.251 980.885 988.576 989.545 1027.26 1093.34 1136.13 1176.7 1280.89 1286.4 1294.88 1353.11 1362.06 1369.28 1372.96 1402.16 1403.23 1406.8 1519.98 1634.43 1666.73 1723.25 1768.3 1949.77 2012.18 2148.15 2424.77 2471.19 2946.82 2970.15 3011.89 3307.44 3423.76 5157.1 7245.69 7844.71 8510.15 8549.92 9735.38 11002.1 
cost: 58.59 57.72 57.28 57.08 56.61 56.23 56.12 55.54 54.7 54.41 54.2 54.02 53.61 53.32 52.92 52.84 52.56 52.42 52.18 51.92 51.66 51.1 50.76 50.4 50.11 49.89 49.63 49.32 49.16 48.95 48.68 48.47 48.04 47.99 47.62 47.56 47.24 47.16 46.39 46.2 45.9 45.72 45.42 45.32 45.12 45.02 44.85 44.8 44.74 44.46 44.36 44.32 44.24 44.16 44.14 44.06 44.04 43.96 43.94 43.86 
# RSGA2, Montage_25_1.0, runtime: 2.9567, iterations: 432
makespan: 17.3725 18.0741 20.1962 20.2547 20.2784 20.3245 20.3408 21.8904 24.305 27.0915 27.9953 30.9347 30.969 35.1114 36.4464 37.5789 42.1229 44.7657 46.7761 51.614 53.4212 64.4382 73.2785 76.916 185.099 191.446 
cost: 4.68 4.16 3.64 3.4 3.12 2.88 2.6 2.36 2.08 1.84 1.56 1.47 1.32 1.23 1.18 1.08 0.95 0.88 0.8 0.75 0.67 0.62 0.58 0.56 0.55 0.5 
# RSGA2, Montage_25_1.0, runtime: 2.9576, iterations: 425
makespan: 17.3725 18.0741 20.1837 20.2131 20.2648 20.2802 20.3098 21.9962 24.3065 28.0188 28.3182 28.6326 29.3229 29.9017 35.7292 37.4509 39.5451 41.0017 42.5135 45.6733 51.0534 52.1289 53.9361 65.1334 73.8474 77.5849 213.846 227.538 
cost: 4.68 4.16 3.64 3.4 3.12 2.88 2.6 2.36 2.08 1.84 1.71 1.6 1.56 1.36 1.19 1.14 1.08 1.05 0.95 0.9 0.86 0.77 0.67 0.62 0.58 0.56 0.55 0.5 
# RSGA2, Montage_25_1.0, runtime: 2.95418, iterations: 422
makespan: 17.3724 18.114 20.1432 20.2146 20.2401 20.3012 22.0009 24.2206 26.7323 28.0798 29.7737 33.0568 38.1734 45.7379 47.1352 47.5911 47.9455 48.0405 48.4404 54.0133 55.5283 63.1551 71.5085 73.691 77.3285 164.955 231.125 
cost: 4.68 4.16 3.64 3.4 3.12 2.6 2.36 2.08 1.84 1.56 1.36 1.32 1.08 1.04 1.02 1 0.99 0.92 0.84 0.73 0.71 0.66 0.63 0.58 0.56 0.54 0.5 
# RSGA2, Montage_25_1.0, runtime: 2.95427, iterations: 417
makespan: 17.3724 18.114 20.1742 20.2235 20.2648 20.3098 21.8332 24.1248 26.7025 28.0873 31.2717 33.2744 37.8863 38.1935 44.953 46.1861 46.7792 54.0533 58.1124 61.3317 71.0075 73.34 77.191 
cost: 4.68 4.16 3.92 3.64 3.12 2.6 2.36 2.08 1.84 1.56 1.36 1.32 1.08 1.04 0.95 0.9 0.8 0.73 0.68 0.66 0.63 0.58 0.56 
# RSGA2, Montage_25_1.0, runtime: 2.95633, iterations: 414
makespan: 17.3724 18.1083 20.2185 20.2402 20.2784 23.405 24.3661 26.9971 28.0017 29.9574 33.6873 36.914 46.9152 48.2154 49.6963 54.0533 58.1124 61.3317 71.6723 73.8689 77.6288 
cost: 4.68 4.16 3.64 3.12 2.6 2.36 2.08 1.84 1.56 1.36 1.32 1.08 1.07 0.92 0.84 0.73 0.68 0.66 0.63 0.58 0.56 
# RSGA2, Montage_50_1.0, runtime: 19.2408, iterations: 1090
makespan: 20.0133 20.7056 20.7799 20.837 22.7943 22.8491 22.8612 22.8834 22.9094 22.9215 22.9342 22.9432 22.9483 22.9533 22.9789 22.9878 23.1199 23.8314 23.8857 23.8999 25.9498 26.0648 26.8656 28.9912 29.0426 29.1005 29.8754 34.8211 35.5892 39.2429 42.5743 46.0044 51.1345 57.659 62.3299 76.1715 77.609 91.6229 99.5356 106.585 109.731 118.714 171.025 317.25 356.688 
cost: 14.56 14.04 13.52 13 12.48 11.96 11.44 10.96 10.48 10.24 9.96 9.2 8.72 8.48 8.2 7.68 7.36 6.84 6.6 6.28 5.76 5.24 4.96 4.68 4.31 4.16 3.79 3.55 3.12 2.84 2.56 2.24 1.96 1.72 1.57 1.55 1.5 1.49 1.42 1.39 1.32 1.24 1.22 1.18 1.1 
# RSGA2, Montage_50_1.0, runtime: 19.2432, iterations: 1089
makespan: 20.0133 20.7143 20.78 20.84 22.797 22.8455 22.8593 22.8613 22.8686 22.8929 22.9095 22.9233 22.9315 22.9355 22.9365 22.944 22.9533 22.977 23.0017 23.0026 23.008 23.8314 25.9405 26.0278 26.1109 28.8777 28.8786 29.0316 30.4078 31.3601 39.0058 39.1511 41.5961 41.8464 51.8193 61.2554 65.6461 75.506 87.8443 98.4226 110.322 115.401 236.995 288.25 536.588 
cost: 14.56 14.04 13.52 13 12.48 12.24 11.96 11.44 11.2 10.96 10.72 10.44 10.2 9.72 9.44 9.16 8.68 8.44 7.96 7.6 7.32 6.88 6.6 6.24 5.48 5.35 4.83 4.31 3.92 3.64 3.4 2.88 2.78 2.4 2.02 1.92 1.86 1.74 1.6 1.42 1.32 1.22 1.2 1.14 1.08 
# RSGA2, Montage_50_1.0, runtime: 19.2416, iterations: 1088
makespan: 20.0133 20.7142 20.8286 22.8279 22.8492 22.8555 22.8642 22.8686 22.8957 22.9315 22.9324 22.9414 22.9533 22.9667 22.98 22.9934 24.0721 25.8427 25.8879 25.9718 26.0017 26.059 26.0638 28.1576 28.9912 29.8754 31.3601 35.6238 41.776 43.6314 46.8672 52.3164 57.972 72.2224 75.2331 86.1476 89.9671 99.734 111.07 153.96 158.88 176.58 344.688 358.337 596.387 
cost: 14.56 14.04 13 12.76 12.48 11.96 11.72 11.2 10.68 10.2 9.72 9.44 8.72 8.44 8.16 7.68 7.2 6.68 6.4 6.12 5.84 5.56 5.2 4.96 4.44 3.92 3.64 3.32 2.98 2.78 2.54 2.34 2.1 1.96 1.72 1.59 1.4 1.38 1.34 1.3 1.28 1.2 1.16 1.14 1.08 
# RSGA2, Montage_50_1.0, runtime: 19.2326, iterations: 1078
makespan: 20.0133 20.7143 20.78 20.84 22.7944 22.8279 22.8555 22.8642 22.8686 22.8929 22.9095 22.9189 22.9257 22.9564 22.9817 22.9847 23.0036 23.7571 23.8857 25.8287 25.9405 26.0278 26.0976 28.9476 29.0247 29.0977 31.3601 35.244 35.6207 41.5233 41.6964 41.8464 49.0685 55.0962 61.176 61.1813 84.3938 91.2075 96.4588 107.395 114.085 181.467 194.32 296.375 395.167 
cost: 14.56 14.04 13.52 13 12.48 12.24 11.96 11.72 11.2 10.96 10.48 9.96 9.44 8.88 8.4 7.88 7.44 7.16 6.84 6.32 6.04 5.72 5.2 4.83 4.44 4.16 3.64 3.5 3.12 3 2.72 2.48 2.24 2.1 1.96 1.72 1.7 1.68 1.48 1.47 1.32 1.28 1.24 1.2 1.18 
# RSGA2, Montage_50_1.0, runtime: 19.232, iterations: 1095
makespan: 20.0133 20.7143 20.78 20.8343 22.8087 22.8613 22.8642 22.8686 22.8929 22.9095 22.9315 22.9376 22.9483 22.9627 22.9726 22.9818 22.9886 23.0069 23.7886 25.9448 25.9532 25.9976 26.0732 26.9657 28.1495 29.1005 31.3601 36.3293 38.6243 40.9492 46.229 51.5045 54.5049 60.91 75.2917 86.3555 103.749 109.934 119.597 179.145 236.995 293.822 298.652 523.237 532.65 
cost: 14.56 14.04 13.52 13 12.48 11.96 11.72 11.2 10.96 10.48 10.24 9.72 9.2 8.92 8.4 8.16 7.72 7.32 6.92 6.52 6.28 5.76 5.2 4.72 4.44 4.16 3.64 3.26 3.16 2.86 2.56 2.32 2.02 1.7 1.69 1.51 1.42 1.34 1.24 1.22 1.2 1.19 1.14 1.1 1.08 
# RSGA2, Montage_100_1.0, runtime: 99.7677, iterations: 2003
makespan: 24.3449 25.1339 25.2053 25.2624 27.1189 27.1399 27.1638 27.1659 27.1678 27.1733 27.1806 27.1912 27.2006 27.208 27.2174 27.2183 27.2445 27.248 27.276 27.2771 27.2792 27.286 27.2885 27.3108 27.3166 30.2891 30.3073 30.3188 30.3273 30.3291 30.3792 31.9367 33.3232 33.3591 36.2239 36.327 37.5256 43.0648 46.1639 47.6129 51.2958 53.19 63.2463 65.7405 85.106 89.3931 110.275 114.972 163.403 170.717 229.459 239.908 285.468 300.958 439.426 508.013 581.425 634.5 657.362 958.663 
cost: 32.24 31.72 31.2 30.68 29.92 29.2 28.68 28.44 27.92 27.44 26.68 26.16 25.6 25.04 24.48 23.72 22.52 22 21.48 20.68 19.6 18.8 18 17.2 16.64 15.88 14.84 14.32 13.56 12.76 11.96 11.2 10.07 9.31 9.03 8.6 7.9 7.4 6.68 5.88 5.28 4.76 4.32 3.6 3.35 3.33 3.26 2.98 2.96 2.76 2.74 2.62 2.54 2.5 2.42 2.4 2.38 2.36 2.32 2.28 
# RSGA2, Montage_100_1.0, runtime: 99.805, iterations: 2002
makespan: 24.3451 25.1339 25.2053 27.1193 27.1435 27.1659 27.1678 27.1733 27.1735 27.1922 27.1976 27.2031 27.208 27.2103 27.2176 27.2278 27.2282 27.2713 27.2772 27.2793 27.2799 27.2838 27.286 27.289 27.2924 27.3169 30.2893 30.3104 31.262 31.2873 32.0796 33.2804 33.3156 33.4049 36.2471 36.3684 37.2582 39.7788 39.9289 40.9688 45.3537 51.5001 60.702 62.1833 65.4505 92.3488 110.579 114.634 118.964 127.354 164.564 265.866 273.921 302.168 315.887 329.963 376.888 430.35 589.538 715.175 
cost: 32.24 31.72 31.2 30.44 29.68 28.96 28.44 27.88 27.36 26.64 26.08 25.56 24.8 24.28 23.72 23.16 22.44 21.44 20.92 20.32 19.8 19.28 18.52 17.96 17.16 16.64 15.92 15.12 13.84 13.04 12.24 11.5 10.46 9.79 9.27 8.6 8.08 7.56 7.04 6.34 5.76 5.26 4.92 4.12 3.6 3.56 3.41 3.23 3.02 2.84 2.81 2.78 2.66 2.58 2.54 2.48 2.46 2.38 2.32 2.28 
# RSGA2, Montage_100_1.0, runtime: 99.7825, iterations: 2004
makespan: 24.3451 25.1339 25.2053 27.1133 27.1638 27.1678 27.1733 27.18 27.1827 27.1912 27.2006 27.2103 27.2148 27.2154 27.2183 27.2493 27.2688 27.2713 27.2814 27.2867 27.2881 27.2899 27.3131 27.3184 30.2749 30.3772 30.4039 30.4607 31.3539 32.5381 33.1823 33.2237 36.321 36.3342 39.3088 39.9369 40.0492 46.1831 47.9316 51.4425 56.9401 59.9022 63.2613 65.4755 93.2443 98.0972 101.798 113.718 169.025 174.973 236.135 275.149 289.882 350.975 356.21 565.053 573.685 650.75 717.163 
cost: 32.24 31.72 31.2 29.64 28.72 28.2 27.96 27.2 26.44 25.6 24.8 24.28 23.76 22.92 22.16 21.44 20.92 20.4 19.6 18.76 17.76 17.48 16.72 16.12 14.32 13.8 13.32 12.04 11.76 11.24 10.83 9.79 9.4 8.6 8.08 7.56 6.86 6.29 5.7 5.38 5.07 4.55 4.08 3.6 3.54 3.38 3.08 2.88 2.85 2.69 2.66 2.62 2.54 2.52 2.48 2.46 2.44 2.34 2.3 
# RSGA2, Montage_100_1.0, runtime: 99.7777, iterations: 2027
makespan: 24.3449 25.1339 25.271 27.1193 27.1258 27.1573 27.18 27.1806 27.1816 27.1978 27.2008 27.2031 27.2103 27.2148 27.2445 27.248 27.2642 27.2644 27.2792 27.2814 27.286 27.2885 27.289 27.2975 27.3184 30.2008 30.3271 32.3354 32.3906 32.5754 33.307 33.3161 33.3889 33.9922 37.2348 40.3443 41.0226 43.9597 51.2165 57.8452 60.0824 70.8262 84.7162 105.575 120.743 133.248 149.054 172.042 197.461 209.946 262.649 263.04 295.05 314.084 334.323 380.877 430.364 631.658 682.17 806.955 
cost: 32.24 31.72 31.2 30.44 29.68 28.92 28.2 27.72 27.16 26.4 25.6 25.08 24.28 23.8 23.04 22.56 22.08 21.32 20.64 19.36 18.8 18.2 17.44 16.92 16.12 15.64 14.8 14.11 12.9 12.14 11.47 10.74 9.51 8.99 8.36 7.38 6.8 6.24 5.44 4.84 4.6 3.92 3.51 3.44 3.34 3.03 2.83 2.76 2.74 2.61 2.6 2.56 2.55 2.5 2.48 2.43 2.38 2.36 2.35 2.3 
# RSGA2, Montage_100_1.0, runtime: 99.7744, iterations: 1992
makespan: 24.3449 25.1339 25.2053 27.1193 27.1459 27.1649 27.1733 27.18 27.1833 27.1976 27.2031 27.208 27.2103 27.2124 27.2665 27.2685 27.2786 27.2793 27.2867 27.2881 27.289 27.2975 27.3184 30.2942 30.2983 30.3185 30.3205 30.33 32.4656 32.6281 32.6628 33.3277 34.3354 36.2946 37.2233 39.6264 49.0019 49.0649 54.4209 56.4293 58.9031 63.2428 66.8805 93.6515 97.9648 116.386 154.546 160.336 189.489 209.843 231.668 259.295 262.683 301.137 304.525 376.067 388.436 506.423 694.786 931.961 
cost: 32.24 31.72 31.2 30.44 29.44 28.68 28.2 27.72 26.96 26.88 25.6 25.08 24.56 23.8 23.32 21.76 20.68 19.84 19.04 18 17.68 16.92 16.12 14.64 14.12 13.36 12.76 12.24 11.63 10.96 10.72 9.92 9.12 8.6 7.8 7.04 6.41 5.63 5.36 4.84 4.32 4.08 3.6 3.44 3.4 3.16 3.11 2.88 2.8 2.68 2.66 2.65 2.6 2.57 2.52 2.5 2.42 2.38 2.34 2.3 
# RSGA2, Sipht_29_1.0, runtime: 3.62133, iterations: 502
makespan: 1259.69 1697.99 1702.72 1806.72 1806.91 1912.01 1912.02 1913.55 2226.68 3222.63 3223.09 3326.65 3327.73 3327.74 3328.2 3329.72 3696.82 3698.64 3712.48 3713.39 4051.08 4095.04 4102.6 5092.88 5093.33 5144.35 5198.14 5198.6 5509.61 5510.7 5510.74 5511.15 5580.51 5581.42 
cost: 13.62 13.6 13.52 13.36 13.26 13.06 12.98 12.92 12.8 12.79 12.72 12.64 12.59 12.51 12.44 12.38 12.34 12.33 12.28 12.26 12.24 12.22 12.14 12.11 12.04 11.98 11.95 11.88 11.82 11.77 11.75 11.64 11.6 11.58 
# RSGA2, Sipht_29_1.0, runtime: 3.6229, iterations: 516
makespan: 1259.69 1688.85 1702.72 1806.72 1806.74 1889.79 1912.01 1913.55 2226.68 3222.92 3305.96 3326.64 3326.65 3327.73 3327.74 3328.19 3329.72 3696.86 4044.57 4050.99 4095.04 4426.24 5038.63 5039.09 5143.9 5144.35 5509.61 5510.7 5511.15 5581.42 
cost: 13.62 13.6 13.52 13.32 13.26 13.24 12.94 12.92 12.76 12.72 12.7 12.68 12.64 12.55 12.51 12.4 12.38 12.36 12.26 12.24 12.22 12.14 12.11 12.04 11.95 11.88 11.78 11.75 11.6 11.58 
# RSGA2, Sipht_29_1.0, runtime: 3.61886, iterations: 521
makespan: 1259.69 1688.85 1702.72 1806.72 1814.77 1889.79 1912.01 1913.55 2226.68 2234.82 3305.96 3326.64 3327.73 3328.19 3329.72 3698.64 3713.31 4095.04 4426.24 5093.33 5144.35 5198.6 5509.61 5510.7 5511.15 5581.42 
cost: 13.62 13.6 13.52 13.32 13.26 13.24 12.94 12.92 12.76 12.74 12.7 12.68 12.55 12.4 12.38 12.28 12.26 12.22 12.14 12.04 11.98 11.88 11.78 11.65 11.6 11.58 
# RSGA2, Sipht_29_1.0, runtime: 3.61714, iterations: 509
makespan: 1259.69 1697.21 1702.72 1806.72 1806.74 1889.79 1912.01 1913.55 2226.68 2271.55 3222.92 3305.96 3326.64 3326.65 3327.73 3327.74 3328.19 3328.2 3696.86 3696.91 3708.07 3713.39 4095.04 4426.24 5038.63 5039.09 5144.35 5509.61 5510.7 5511.15 5520.59 5581.59 
cost: 13.62 13.6 13.52 13.36 13.26 13.24 12.98 12.92 12.8 12.76 12.72 12.7 12.68 12.58 12.55 12.45 12.44 12.38 12.36 12.34 12.28 12.26 12.22 12.18 12.11 12.04 11.98 11.82 11.69 11.64 11.6 11.58 
# RSGA2, Sipht_29_1.0, runtime: 3.62228, iterations: 498
makespan: 1259.69 1702.72 1806.72 1806.74 1912.01 1912.02 1913.55 2226.68 3222.46 3222.92 3326.64 3326.65 3327.73 3327.74 3328.19 3328.2 3329.72 3698.18 3698.72 3713.39 4095.04 4426.24 5038.63 5039.09 5143.9 5144.35 5509.61 5510.7 5511.24 5583.77 
cost: 13.62 13.52 13.38 13.26 13.02 12.98 12.92 12.82 12.79 12.72 12.68 12.64 12.55 12.51 12.48 12.44 12.38 12.33 12.28 12.26 12.22 12.14 12.11 12.04 11.95 11.88 11.78 11.65 11.6 11.58 
# RSGA2, Sipht_58_1.0, runtime: 17.7261, iterations: 1101
makespan: 1325.64 1329.34 1410.19 1539.41 1606.48 1710.7 1840.27 1843.36 1996.93 2055.74 2336.58 2400.85 2401.22 2611.08 2741.55 2927.08 3043.89 3044.81 3073.53 3240.13 3252.58 3270.54 3293.51 3299.12 3375.87 3376.85 3542.47 3543.44 3572.89 3573.87 3592.51 4289.4 4406.26 4408.79 4434.98 4527.4 4592.03 4640.35 4657.87 4816.85 5574.89 5623.21 5799.65 5813.58 5877 
cost: 29.14 29.06 28.72 28.56 28.38 28.12 28 27.92 27.84 27.46 27.42 27.34 27.14 27.06 26.74 26.7 26.54 26.52 26.36 26.32 26.26 26.24 26.22 26.14 26.1 26.08 25.96 25.94 25.88 25.86 25.64 25.58 25.5 25.44 25.42 25.24 25.04 24.96 24.88 24.74 24.7 24.6 24.44 24.42 24.36 
# RSGA2, Sipht_58_1.0, runtime: 17.7233, iterations: 1073
makespan: 1325.64 1329.03 1410.19 1537.93 1547.36 1606.48 1710.7 1840.27 2055.74 2336.58 2401.22 2427.68 2741.55 2750.98 2785.45 3043.89 3044.81 3046.58 3240.13 3241.9 3296.45 3348.13 3384.07 3542.47 3543.44 3592.55 3600.22 4275.34 4289.39 4405.44 4414 4527.4 4528.39 4592.03 4593.02 4601.46 4686.81 4816.85 5511.16 5574.89 5575.79 5799.25 5799.65 5809.61 5810.4 9409.43 
cost: 29.14 29.06 28.88 28.72 28.64 28.18 28.12 27.92 27.54 27.26 27.14 27.02 26.94 26.86 26.76 26.66 26.46 26.38 26.24 26.16 26.14 26.08 26.02 25.92 25.9 25.76 25.74 25.68 25.66 25.54 25.52 25.3 25.22 25.1 25.02 24.96 24.94 24.88 24.86 24.74 24.66 24.65 24.5 24.44 24.42 24.36 
# RSGA2, Sipht_58_1.0, runtime: 17.7335, iterations: 1086
makespan: 1325.64 1328.55 1410.19 1539.41 1606.48 1710.67 1840.27 1996.93 2055.74 2336.58 2401.19 2611.08 2741.55 2744.79 2914.92 2927.28 3043.89 3044.81 3088.71 3240.13 3347.15 3382.28 3382.7 3392.02 3426.85 3542.47 3543.44 3592.55 3608.87 3634.05 4405.34 4419.51 4527.4 4592 4600.64 4611.98 4816.85 5554.39 5574.89 5577.37 5799.65 5813.58 11457 
cost: 29.14 29.06 28.72 28.56 28.33 28.12 27.84 27.78 27.4 27.36 27.16 27 26.82 26.74 26.72 26.64 26.62 26.38 26.34 26.26 26.1 26.09 26.01 25.97 25.94 25.84 25.81 25.7 25.65 25.62 25.38 25.34 25.3 25.1 25.08 24.98 24.79 24.78 24.68 24.58 24.43 24.41 24.4 
# RSGA2, Sipht_58_1.0, runtime: 17.7312, iterations: 1084
makespan: 1325.64 1329.83 1378.5 1410.19 1537.93 1606.48 1710.7 1712.52 1739.63 1797.85 1840.24 2319.89 2374.56 2398.21 2401.22 2401.27 2427.68 2741.55 2742.11 2927.28 3024.44 3043.89 3044.81 3046.58 3240.13 3270.52 3376.85 3436.73 3542.47 3543.44 3573.84 3608.87 4275.34 4404.94 4405.34 4413.06 4527.4 4592.03 4608.37 4816.85 5551.51 5574.89 5616.14 5799.65 5818.39 
cost: 29.14 29.06 29.04 28.8 28.62 28.4 28.24 28.2 28.12 28.08 27.84 27.48 27.44 27.42 27.22 27.2 27.04 26.82 26.74 26.72 26.7 26.54 26.38 26.36 26.24 26.16 26.1 26.06 26.04 25.96 25.88 25.68 25.66 25.59 25.44 25.36 25.22 25.02 24.9 24.82 24.74 24.62 24.54 24.44 24.36 
# RSGA2, Sipht_58_1.0, runtime: 17.7212, iterations: 1060
makespan: 1325.64 1328.63 1410.19 1539.41 1606.48 1668.58 1669.95 1740.56 1840.27 2319.53 2319.89 2334.71 2400.85 2401.27 2417.61 2419.34 2427.68 2741.55 2742.11 2786.01 2939.65 3043.89 3044.81 3088.71 3240.13 3375.87 3382.7 3542.47 3572.86 3573.84 3592.09 3592.51 4405.34 4527.4 4592.03 4599.25 4600.64 4640.35 4816.85 5558.58 5574.89 5623.21 5799.65 5801.36 5811.92 
cost: 29.14 29.06 28.72 28.56 28.38 28.24 28.18 28.04 27.84 27.7 27.5 27.44 27.38 27.26 27.18 27.1 27.02 26.82 26.74 26.7 26.64 26.54 26.42 26.38 26.22 26.16 26.1 25.98 25.96 25.94 25.84 25.64 25.48 25.25 25.13 25.1 25 24.91 24.8 24.75 24.72 24.63 24.48 24.46 24.4 
# RSGA2, Sipht_97_1.0, runtime: 67.3171, iterations: 2092
makespan: 1278.56 1284.91 1299.45 1495.48 1497.53 1522.42 1562.73 1639.19 1676.76 1733.25 1742.68 1766.5 1832.05 1868.14 2019.38 2021.31 2028.99 2209.39 2212.06 2237.26 2237.51 2640.12 2664.51 2671.58 2671.83 2719.43 2722.88 2724.72 2935.49 2937.77 3032.88 3301.5 3343.18 3344.25 3346.99 3499.09 3531.61 3659.09 3661.28 3910.54 3982.62 3983.31 3983.67 3985.04 4265.29 4341.27 4343.67 4588.43 4604.07 4604.32 4618.81 4640.98 4658.8 4659.45 4666.31 5030.43 5049.17 5058.08 5593.71 5635.08 
cost: 43.24 43.12 43.04 42.8 42.72 42.64 42.52 42.32 42.28 42.25 42.17 42.09 41.77 41.64 41.61 41.45 41.33 41.22 41.14 41.02 40.74 40.68 40.56 40.24 40.2 40.04 39.96 39.84 39.71 39.67 39.23 39.19 39.13 39.06 38.96 38.82 38.72 38.65 38.55 38.49 38.38 38.2 38.09 38 37.96 37.84 37.76 37.65 37.57 37.43 37.36 37.29 37.14 37.12 36.96 36.86 36.76 36.66 36.38 36.3 
# RSGA2, Sipht_97_1.0, runtime: 67.29, iterations: 2084
makespan: 1278.56 1308.55 1318.43 1491.79 1495.83 1502.31 1522.51 1562.73 1639.19 1736.28 1795.33 1835.2 1850.94 1856.67 1868.14 2021.16 2043.53 2237.51 2247.74 2248.81 2331.88 2333.02 2371.85 2595.85 2675.59 2677.68 2720.21 2735.83 2937.77 3032.88 3111.76 3175.82 3301.5 3303.05 3346.47 3347.14 3661.28 3926.93 3927.2 3982.46 4112.17 4112.94 4146.54 4176.34 4241.7 4331.06 4536.32 4583.15 4595.12 4604.32 4658.41 4658.71 4873.33 5035.87 5050.76 5051.05 5179.93 5593.48 5600.21 6286.06 
cost: 43.22 43.12 43.04 42.96 42.8 42.72 42.64 42.52 42.32 42.28 42.12 42.08 41.92 41.72 41.64 41.48 41.32 41.15 41.01 40.94 40.69 40.62 40.54 40.5 40.45 40.3 40.17 40.02 39.94 39.5 39.3 39.22 39.14 39.02 38.94 38.82 38.72 38.69 38.54 38.46 38.36 38.23 38.14 38.06 37.96 37.92 37.86 37.76 37.58 37.18 37.09 37.02 36.92 36.9 36.77 36.7 36.68 36.57 36.4 36.32 
# RSGA2, Sipht_97_1.0, runtime: 67.2985, iterations: 2065
makespan: 1278.56 1287.7 1299.45 1438.07 1491.02 1494.16 1522.42 1522.87 1562.73 1618.21 1634.71 1639.25 1832.08 1835.78 1838.63 1868.14 2021.13 2040.81 2163.46 2175.31 2239.44 2506.34 2595.85 2671.83 2719.43 2720.21 2729.84 2958.82 3032.88 3096.43 3112.93 3301.5 3342.34 3343.09 3531.61 3660.27 3788.92 3909.53 3925 3926.15 3986.89 3994.21 4050.2 4057.43 4265.29 4341.27 4581.38 4581.65 4604.32 4621.04 4871.79 4877.93 4925.66 5051.01 5056.44 5125.31 5330.71 5593.71 5593.75 6287.79 
cost: 43.22 43.14 43.04 43 42.8 42.72 42.64 42.56 42.36 42.28 42.2 42 41.96 41.86 41.76 41.64 41.5 41.4 41.12 41 40.8 40.76 40.44 40.24 40.22 40.09 40.02 39.68 39.58 39.38 39.3 39.18 38.98 38.9 38.8 38.76 38.72 38.62 38.58 38.44 38.38 38.28 38.1 38 37.94 37.74 37.72 37.44 37.3 37.22 37.14 37.06 37.01 36.9 36.76 36.7 36.52 36.42 36.38 36.32 
# RSGA2, Sipht_97_1.0, runtime: 67.3157, iterations: 2103
makespan: 1278.56 1288.17 1491.02 1500.92 1501.35 1565.58 1642.04 1754.79 1770.27 1771.29 1857.25 1867.63 1868.14 2020.65 2026.18 2039.12 2304.96 2314.24 2315.24 2321.89 2323.04 2595.85 2671.83 2728.33 2735.83 2773.86 3032.88 3034.69 3113.66 3301.5 3303.01 3343.6 3344.25 3531.61 3659.3 3659.95 3761.21 3770.66 3925.84 3943.5 3962.61 4047.01 4047.68 4078.4 4095.05 4265.29 4302.4 4341.27 4604.32 4658.71 4948.19 4976.49 5021.95 5051.05 5068.61 5107.28 5518.46 5593.48 5593.75 6288.87 
cost: 43.12 43.04 42.88 42.8 42.64 42.36 42.32 42.28 42.11 42.04 41.96 41.79 41.64 41.58 41.48 41.39 41.38 41.25 41.18 40.62 40.54 40.5 40.3 40.12 40.02 39.76 39.32 39.24 39.22 39.18 39.02 38.92 38.82 38.72 38.64 38.62 38.53 38.45 38.37 38.31 38.23 38.21 38.11 38.03 37.95 37.84 37.74 37.46 37.16 37 36.96 36.93 36.9 36.8 36.72 36.68 36.62 36.49 36.34 36.32 
# RSGA2, Sipht_97_1.0, runtime: 67.298, iterations: 2069
makespan: 1278.56 1281.51 1311.55 1312.63 1450.86 1451.23 1491.37 1493.21 1495.44 1562.73 1639.16 1832.08 1852.2 1868.14 2021.62 2023.59 2041.28 2313.13 2321.53 2322.31 2325.34 2595.85 2671.81 2719.43 2729.84 2735.83 2773.01 2773.63 2773.86 3032.88 3034.17 3034.69 3155.35 3233.13 3301.5 3320.01 3343.18 3348.13 3499.09 3531.61 3982.57 4112.9 4137.08 4265.29 4341.24 4341.27 4582.32 4582.54 4604.32 4616.98 4639.15 4658.41 4658.71 4922.96 4927.56 5050.71 5051.05 5592.75 5593.75 6286.06 
cost: 43.27 43.11 43.04 42.96 42.92 42.76 42.6 42.48 42.42 42.36 42.02 41.98 41.8 41.64 41.58 41.47 41.32 40.98 40.74 40.69 40.54 40.5 40.3 40.18 40.1 40.02 39.96 39.83 39.76 39.62 39.55 39.41 39.37 39.33 39.21 39.13 39.02 38.85 38.81 38.72 38.32 38.11 38.04 37.9 37.8 37.7 37.64 37.57 37.34 37.21 37.14 37.05 36.98 36.95 36.88 36.82 36.68 36.52 36.4 36.32 
