# EMS, CyberShake_30_1.0, runtime: 3.784, iterations: 533
makespan: 146.577 153.972 171.471 236.757 354.44 650.138 898.612 
cost: 3.12 2.4 2.12 2.08 1.96 1.8 1.78 
# EMS, CyberShake_30_1.0, runtime: 3.78033, iterations: 529
makespan: 146.577 154.051 171.451 236.757 340.95 413.99 414.325 594.338 595.925 
cost: 3.12 2.4 2.12 2.08 2.06 2.04 1.96 1.9 1.8 
# EMS, CyberShake_30_1.0, runtime: 3.78373, iterations: 550
makespan: 146.577 154.051 171.719 236.757 353.815 414.325 703.562 
cost: 3.12 2.4 2.12 2.08 1.98 1.96 1.8 
# EMS, CyberShake_30_1.0, runtime: 3.77737, iterations: 513
makespan: 146.577 153.542 171.451 171.643 236.757 358.665 359 651.725 652.562 897.5 
cost: 3.12 2.4 2.2 2.12 2.08 2.04 1.96 1.88 1.8 1.78 
# EMS, CyberShake_30_1.0, runtime: 3.77843, iterations: 550
makespan: 146.577 154.066 171.643 236.757 348.885 414.325 650.9 
cost: 3.12 2.4 2.12 2.08 1.98 1.96 1.8 
# EMS, CyberShake_50_1.0, runtime: 18.7502, iterations: 2010
makespan: 176.711 179.311 297.805 319.222 331.043 341.386 342.435 585.77 744.4 744.512 773.75 817.662 
cost: 3.92 3.4 3.39 3.38 3.33 3.2 3.18 3.15 3 2.9 2.85 2.8 
# EMS, CyberShake_50_1.0, runtime: 18.7527, iterations: 2024
makespan: 169.348 179.311 331.87 337.485 349.645 358.855 524.326 732.812 746.987 751.612 778.949 
cost: 3.92 3.4 3.28 3.26 3.18 3.16 3.12 3.04 2.94 2.88 2.78 
# EMS, CyberShake_50_1.0, runtime: 18.7527, iterations: 1979
makespan: 175.883 179.311 329.515 335.725 351.095 351.265 418.215 419.365 593.66 719.375 719.487 823.787 896.2 1066.95 
cost: 3.92 3.4 3.38 3.33 3.25 3.2 3.17 3.15 3.1 3.05 2.95 2.9 2.85 2.8 
# EMS, CyberShake_50_1.0, runtime: 18.7563, iterations: 2033
makespan: 169.277 169.348 179.311 327.335 335.943 337.649 342.157 348.371 352.88 520.82 528.755 580.745 588.28 598.775 742.45 803.687 877.787 1010.7 1496.94 
cost: 4.68 4.16 3.64 3.57 3.55 3.47 3.42 3.37 3.32 3.27 3.22 3.2 3.15 3.1 3 2.95 2.9 2.85 2.8 
# EMS, CyberShake_50_1.0, runtime: 18.7555, iterations: 2045
makespan: 175.883 179.311 320.385 335.925 343.815 525.018 712.263 776.137 776.25 779.725 
cost: 3.92 3.4 3.38 3.23 3.18 3.12 2.95 2.93 2.83 2.78 
# EMS, CyberShake_100_1.0, runtime: 36.9105, iterations: 2609
makespan: 213.104 238.389 403.548 403.581 411.359 471.984 477.903 527.709 532.557 533.634 536.13 536.837 591.383 597.317 674.082 694.417 694.462 701.202 714.167 956.89 1015.09 1717.14 1717.26 1786.92 1893.49 1904.71 1978.49 2216.59 2289.33 2334.65 2439.2 2440.79 2515.29 2625.93 2757.75 
cost: 6.91 6.76 6.53 5.97 5.86 5.84 5.71 5.7 5.69 5.67 5.64 5.62 5.6 5.58 5.55 5.48 5.47 5.4 5.33 5.26 5.24 5.2 5.12 5.06 5.04 5.03 4.98 4.96 4.92 4.84 4.82 4.8 4.75 4.72 4.68 
# EMS, CyberShake_100_1.0, runtime: 36.9005, iterations: 2706
makespan: 213.104 219.69 481.551 486.697 487.057 493.491 500.314 500.926 507.72 514.543 522.883 524.586 528.051 529.677 531.409 534.643 539.749 696.576 704.183 765.086 766.911 778.241 1037.68 1065.7 1075.4 1076.2 1255.9 1912.61 1919.25 2037.49 2322.35 2334.56 2504.05 2515 2617.63 2795.76 
cost: 7.28 6.76 6.75 6.15 6.08 6 5.92 5.91 5.83 5.75 5.7 5.68 5.64 5.62 5.6 5.56 5.55 5.54 5.31 5.28 5.27 5.2 5.07 5 4.99 4.91 4.89 4.84 4.83 4.8 4.78 4.77 4.76 4.75 4.72 4.7 
# EMS, CyberShake_100_1.0, runtime: 36.9025, iterations: 2602
makespan: 213.104 219.396 318.444 322.769 325.741 339.641 341.286 392.45 392.648 392.92 400.383 404.184 451.277 455.177 463.6 471.186 474.149 474.311 479.874 596.874 678.605 694.645 707.02 707.365 765.445 772.29 778.18 778.465 1008.81 1012.65 1017.91 1028.34 1043.79 1078.19 1106.73 1119.72 1136.17 1240.45 1311.15 1665.68 1856.53 2022.4 2325.34 2396.04 2564.81 2638.36 2759.73 
cost: 6.91 6.76 6.74 6.59 6.51 6.44 6.36 6.19 6.14 6.06 5.99 5.89 5.86 5.81 5.71 5.66 5.63 5.61 5.56 5.55 5.53 5.45 5.43 5.38 5.36 5.35 5.34 5.33 5.31 5.3 5.29 5.2 5.12 5.11 5.1 5.07 5.04 5.01 4.96 4.92 4.89 4.84 4.82 4.77 4.75 4.71 4.68 
# EMS, CyberShake_100_1.0, runtime: 36.9036, iterations: 2639
makespan: 213.104 458.174 462.674 475.046 475.406 475.589 538.229 643.015 653.975 655.765 705.9 764.935 1181.7 2094.99 2157.98 2275.09 2329.66 2333.49 2445.7 2509.68 2518.09 2571.58 2680.89 2751.59 
cost: 6.91 5.81 5.71 5.66 5.65 5.55 5.52 5.39 5.31 5.29 5.26 5.24 5.11 4.92 4.84 4.83 4.82 4.8 4.78 4.76 4.75 4.74 4.73 4.68 
# EMS, CyberShake_100_1.0, runtime: 36.9081, iterations: 2348
makespan: 213.104 213.949 468.311 468.32 468.394 474.911 474.914 512.42 518.572 519.471 519.811 525.811 529.48 532.74 536.274 715.053 753.13 762.43 768.06 773.37 833.48 836.975 839.375 896.565 1548.05 1658.34 1668.45 1738.24 1795.78 1918.14 1973.34 2035.49 2201 2211.01 2336.68 2454.01 2630.99 2748.68 2751.59 
cost: 7.04 6.76 6.19 6.03 5.95 5.87 5.79 5.78 5.72 5.7 5.68 5.65 5.63 5.6 5.55 5.46 5.42 5.4 5.34 5.32 5.29 5.28 5.27 5.26 5.04 5 4.98 4.94 4.9 4.89 4.88 4.86 4.84 4.82 4.8 4.74 4.73 4.7 4.68 
# EMS, Epigenomics_24_1.0, runtime: 3.06476, iterations: 347
makespan: 2398.43 2485.83 2485.86 2489.55 2496.72 2496.74 2511.16 2511.3 3289.95 3292.91 3587.39 4056.58 4056.7 4056.72 5004.45 5018.28 5029.81 5032.1 5036.78 5051.29 5353.63 5559.89 5560.01 5560.03 5563.11 5563.14 5566.83 5574 5574.02 5586.8 5586.92 5586.94 5594.12 6889.32 6889.35 6893.04 6900.1 6900.12 6913.02 6913.05 7642.68 7652.97 8968.46 8988.27 
cost: 44.68 43.92 43.79 43.55 43.5 43.48 43.37 43.3 42.96 42.28 41.72 41.71 41.66 41.64 41.58 41.4 41.38 40.81 40.74 40.56 40.46 40.45 40.4 40.38 40.16 40.03 39.79 39.74 39.72 39.61 39.56 39.54 39.52 39.42 39.29 39.05 39 38.98 38.82 38.8 37.84 37.74 37.1 37 
# EMS, Epigenomics_24_1.0, runtime: 3.06527, iterations: 350
makespan: 2410.46 2411.61 2706.52 3481.92 3490.56 3502.19 3513.65 3522.29 3533.91 3828.6 4137.02 4145.66 4157.29 4451.98 4624.97 4633.61 4645.07 4939.76 5081.14 5092.76 5150.14 5158.94 5170.4 5453.47 5465.26 5572.97 5643.14 5646.89 5655.53 5659.96 5667.16 5941.58 5961.85 6969.4 6973.11 6981.75 6993.27 9995.92 10001 10545.8 10550.8 17028.1 
cost: 43.52 43.44 43.16 42.58 42.45 42.38 41.78 41.65 41.58 41.3 41.08 40.95 40.88 40.6 40.32 40.19 40.12 39.84 39.81 39.74 39.24 39.11 39.04 38.83 38.76 38.72 38.46 38.22 38.09 38.04 38.02 37.94 37.74 37.72 37.48 37.35 37.28 37.18 37.1 37.08 37 36.98 
# EMS, Epigenomics_24_1.0, runtime: 3.06268, iterations: 344
makespan: 2274.18 2306.52 2307.98 2485.86 2489.55 2496.74 2498.17 2505.34 2511.3 2791.41 2800.03 2805.99 3107.02 3401.5 3549.05 3549.07 3830.81 3843.74 3843.76 4146.33 4441.02 4627.37 4634.96 4638.8 4643.04 4647.48 4654.6 4658.91 4940.66 4942.57 4953.6 5146.01 5154.14 5158.15 5169.81 5185.03 5464.62 5468.92 5475.39 5479.72 5661.02 5669.63 5676.83 5681.11 5971.49 5975.82 7472.66 7494.51 8503.75 10550.8 
cost: 46.92 44 43.98 43.59 43.35 43.28 43.22 43.17 43.1 43.02 42.89 42.82 42.28 41.72 41.7 41.68 41.6 41.42 41.4 40.8 40.52 40.47 40.4 40.37 40.27 40.22 40.17 40.12 40.04 39.94 39.84 39.63 39.39 39.16 39.14 39.04 38.93 38.88 38.83 38.76 38.27 38.14 38.07 38.04 37.81 37.74 37.66 37.56 37.1 37 
# EMS, Epigenomics_24_1.0, runtime: 3.05816, iterations: 473
makespan: 3104.56 5432.98 7031.18 7244.52 13582.5 22106.8 
cost: 44.2 41.72 40.74 40.68 37 36.98 
# EMS, Epigenomics_24_1.0, runtime: 3.06636, iterations: 367
makespan: 2285.93 2482.24 2493.03 2493.05 2784.24 2791.43 3705.91 4000.39 4523.56 4523.67 4808.92 4816.11 5023.3 5047.46 5058.52 5338.68 5345.85 5345.87 5543.41 5570.33 5861.52 5868.71 7185.74 7185.76 7472.66 7484.14 7494.51 8503.75 13054.4 
cost: 44.12 43.76 43.34 43.32 43.11 43.04 42.28 41.72 41.52 41.5 41.29 41.22 41.08 40.44 40.42 40.21 40.16 40.14 40.04 39.4 39.19 39.12 37.94 37.92 37.66 37.64 37.56 37.1 37 
# EMS, Epigenomics_47_1.0, runtime: 38.0723, iterations: 2884
makespan: 3882.08 3918.22 3922.86 3954.85 3959.61 4241.46 4259.96 4264.72 4290.47 4640.6 4674.19 4725.87 5024.06 5224.74 5230.64 5246.27 5275.51 5622.72 5947.11 5972.56 6186.93 6196.89 6228.62 6241.42 6251.39 6287.43 6291.92 6326.96 6373.24 6465.38 6475.34 6493.11 6531.01 6886.61 8068.71 8089.62 8100.35 8125.73 8276.77 8626.9 8632.96 9851.98 9858.04 15462.6 15468.6 21510.5 23741.7 23744.8 27118.1 27153.4 
cost: 100.96 100.03 99.75 99.34 99.06 98.82 98.56 98.28 98.06 97.82 96.72 96.46 96.2 95.87 95.82 95.45 95.18 94.98 94.83 94.5 94.35 93.93 93.56 92.94 92.62 92.26 91.57 91.15 90.88 90.59 90.17 89.75 89.48 89.24 89.09 88.69 88.32 88.02 87.72 87.48 87.3 86.96 86.78 86.68 86.58 86.5 86.48 86.4 86.38 86.3 
# EMS, Epigenomics_47_1.0, runtime: 38.079, iterations: 2909
makespan: 2758.2 2805.07 2806.82 2870.61 2877.16 2928.25 3281.13 3521.28 3534.72 3538.71 3584.86 3935 4027.22 4250.02 4281.22 4292.36 4394.12 4721.98 4795.75 5268.53 5285.48 5347.08 5414.36 5789.6 5899.99 6002.65 6157.4 6166.21 6219.69 6243.28 6250.31 6259.25 6362.47 6389.84 6406.32 6436.01 6460.21 6816.03 6965.94 8039.96 8090.15 8126.39 8476.52 9447.19 9701.99 10672.3 10672.4 14066 19751.3 32499.5 
cost: 102.28 101.88 101.36 101.12 100.6 100.2 99.96 99.54 99.14 98.52 98.34 98.1 97.56 97.29 97.09 96.85 96.66 96.36 96.26 95.55 95.07 94.81 94.38 94.12 93.63 93.61 93.04 92.52 92.25 91.96 91.44 91.2 90.95 90.54 90.04 89.88 89.4 89.16 88.94 88.2 87.79 87.5 87.26 87.22 86.84 86.7 86.6 86.5 86.4 86.3 
# EMS, Epigenomics_47_1.0, runtime: 38.0749, iterations: 3011
makespan: 2914.89 2937.15 2949.1 2959.5 3013.59 3363.75 3547.12 3896.99 4250.49 4254.19 4260.75 4604.06 4610.61 5217.95 5221.26 5236.21 5271.37 5299.87 5304.81 5355.43 5705.57 5713 5927.59 5941.88 5983.69 5997.41 6216.78 6220 6263.58 6287.98 6298.39 6342.84 6539.96 6889.29 7918.45 8114.76 8147.38 8497.52 8605.38 8826.87 8876.35 8881.82 8921.51 9271.64 10467.3 10497.1 13098.9 16774.3 16780.5 27110.1 
cost: 107.4 103.24 102.87 102.39 101.94 101.68 100.64 100.12 99.98 98.81 98.66 98.29 98.14 97.97 97.82 97.21 96.85 96.47 96.23 95.61 95.37 95.28 94.83 94.35 93.97 93.73 93.4 92.97 92.59 92.25 91.77 91.27 90.86 90.62 90.61 90.2 89.16 88.92 88.82 88.56 88.16 87.92 87.52 87.28 87.08 86.86 86.6 86.5 86.4 86.3 
# EMS, Epigenomics_47_1.0, runtime: 38.0741, iterations: 2953
makespan: 2654.66 2673.44 2755.85 2825.4 2828.12 2888.87 2962.5 3238.74 3507.58 3557.47 3607.75 3947.88 3987.17 4253.49 4298.01 4648.15 5233.56 5270.69 5279.68 5325.48 5681.87 5898.32 5942.83 6155.56 6158.96 6168.34 6201.21 6269.08 6331.88 6345.1 6371.96 6494.25 6503.62 6540.77 6890.9 7226.3 7576.43 8089.62 8100.37 8144.9 8495.03 11389.1 11405.5 12614.2 12630.6 15979.3 15995.7 19662 19678.4 34677.6 
cost: 108.92 101.92 101.64 100.88 100.08 99.6 99.4 99.08 98.72 98.22 97.9 97.61 97.16 96.73 96.36 96.12 95.85 95.48 95 94.44 94.18 93.87 93.49 93.39 93 92.63 92.25 92.02 91.5 91.13 90.75 90.2 89.83 89.4 89.16 89.04 88.8 88.34 87.84 87.52 87.28 87.2 87.12 86.68 86.6 86.58 86.5 86.48 86.4 86.3 
# EMS, Epigenomics_47_1.0, runtime: 38.0702, iterations: 4608
makespan: 6199.11 8604.22 8626.44 9787.61 10848.4 10855.6 15333.7 15355.9 20754.1 20759.6 20772.4 20778.8 20786.8 20793.2 20803.9 21510.5 21607.8 24413.5 24469 26603.8 26616.6 26623 26631 26637.4 26648 26715 26721.4 26732 27113.3 27118.8 27121.1 27138.9 27176.7 
cost: 102.96 100.64 100.12 100 96.88 96.68 94.08 93.98 93.16 92.92 92.79 92.74 92.71 92.66 92.64 92.46 92.38 91.94 91.76 91.7 91.67 91.62 91.59 91.54 91.52 91.51 91.46 91.44 86.82 86.58 86.4 86.38 86.3 
# EMS, Epigenomics_100_1.0, runtime: 87.6094, iterations: 4170
makespan: 21980.3 21980.6 21982.2 21985.9 21991 22495.2 22495.5 22505.2 23681.9 23689.5 24393.6 24410.2 24419.5 24464.8 24518 25998.4 26069.6 26634.7 26701.2 26751 26827.9 27244.1 28483.5 29876.7 31129 31183.7 31288.2 31337.6 48157.8 49553.4 54685.9 67394.8 83787.3 83802.9 104355 119745 143914 143930 177032 177048 220356 220372 265902 265917 333637 333654 402343 402360 479264 487970 
cost: 916.88 916.8 911.28 911.2 908.56 905.28 905.2 902.56 900.82 898.18 893.3 892.88 890.16 886.42 885.98 878.46 877.6 873.38 872.52 868.22 867.36 863.02 861.04 859.68 855.06 854.32 850.58 850.22 845.56 844.2 842.1 841.46 841.4 841.36 841.3 841.16 841.1 841.06 841 840.96 840.9 840.86 840.8 840.76 840.7 840.66 840.6 840.56 840.5 840.46 
# EMS, Epigenomics_100_1.0, runtime: 87.6062, iterations: 4197
makespan: 21451.1 21459.6 21461.9 21470.5 21473.9 21482.4 21512.4 21639.1 21665.2 22009.4 22035.6 22519.3 22549.8 23710.1 23733.9 24420.2 24450.8 24484.6 24515.1 26048.5 26644.3 26653.9 26684.8 26771 26801.4 27266.1 27294 28534.1 31061.2 31109.8 31141.2 31168.3 31296 31310.9 31322.8 37342.3 53378.5 56899.2 73785.1 79543.8 90487.7 108224 130047 169599 209980 281668 321220 406542 414998 462536 
cost: 957.17 955.05 927.11 924.99 921.89 919.77 916.37 913.35 909.95 906.7 903.37 900.12 897 895.74 892.62 891.44 888.04 886.68 883.28 883.08 879.04 876.92 873.52 871.76 868.36 866.63 863.23 861.17 859.82 856.39 853.76 850.26 847.88 844.6 844.38 842 841.6 841.5 841.4 841.3 841.2 841.1 841 840.9 840.8 840.7 840.6 840.56 840.5 840.46 
# EMS, Epigenomics_100_1.0, runtime: 87.6051, iterations: 4086
makespan: 24390.3 24455 24461.8 24475.6 24531.4 26000.3 26063.9 26628.4 26694.9 26747.8 26814.3 27128.3 27189.8 27243.6 27311 28483.6 28546.7 31131.2 31192.9 36939.1 36941.5 37000 42970.8 42972.9 43031.4 50666.4 50727.7 56698.1 56700.5 56749.9 59223.2 62831.8 72229 75630 78403.9 81355.4 121940 121956 144582 150758 179020 182086 217424 223438 264934 264958 333703 339351 430958 487970 
cost: 907.68 906.75 903.2 902.63 902.27 895.24 894.31 887.24 886.31 882.08 881.15 874.4 873.47 869.2 868.27 863.86 862.93 857.88 856.95 855.1 854.3 853.94 852.5 851.8 851.44 845.12 844.19 844.12 843.32 842.96 841.92 841.56 841.5 841.36 841.26 841.16 841.1 841.06 841 840.96 840.9 840.86 840.8 840.76 840.7 840.66 840.6 840.56 840.5 840.46 
# EMS, Epigenomics_100_1.0, runtime: 87.6153, iterations: 3996
makespan: 20138.6 20138.8 20184.7 20430.3 21205.7 21207.8 21208.2 21610.9 21622.9 21986 21988.3 22406.9 22408.9 22500 22543 23681.9 23685.6 24394.4 24397.5 24454.5 25833.2 25995.7 26630.4 26630.9 27252.2 27286.4 28512.5 29901.5 31130.7 31168.9 31275.6 32663.2 37323.8 37354.4 41203.3 41235.3 47251.5 47283.5 56908.7 56921.6 85856.5 86021.7 114439 144389 178649 194899 198449 224802 244603 487970 
cost: 1015.4 997.2 996.88 934.78 927.22 926.85 923.26 920.8 917.1 915.06 912.38 910.34 906.5 904.62 901.62 899.26 895.18 894.26 890.18 888.8 884.62 881.16 879.28 876.08 873.14 870.14 865.82 863.52 859.66 858.2 853.7 851.58 850.54 849.84 845.94 845.24 842.6 841.9 841.5 841.4 841.3 841.2 841.1 841 840.9 840.8 840.7 840.6 840.5 840.46 
# EMS, Epigenomics_100_1.0, runtime: 87.6001, iterations: 4112
makespan: 21982 21989.8 22557.5 23710.7 23711.3 24387.8 24411.7 24412.7 24485.4 24488.5 25999.4 26024 26025.4 26632 26657.5 26658.9 26752 26779.7 26780.3 27247.3 27274.5 27274.9 28484.7 28510.9 28511.6 28522.2 31131.3 31157.6 31158.3 31168.9 31273.4 31284 31300.2 31310.9 37331.9 37342.5 43703.1 50365.7 63870 64170.2 76901 94270.5 118244 146079 170264 226410 270821 339693 400473 462536 
cost: 903.56 900.16 895.94 894.96 891.56 891.2 890.38 887.08 885.9 882.5 881.76 880.94 877.54 876.68 875.86 872.46 871.52 870.7 867.3 866.32 865.5 862.1 860.98 860.16 856.76 856.34 855 854.18 850.78 850.46 849.04 848.62 844.82 844.4 842.32 841.9 841.7 841.6 841.5 841.4 841.3 841.2 841.1 841 840.9 840.8 840.7 840.6 840.5 840.46 
# EMS, Inspiral_30_1.0, runtime: 12.6482, iterations: 1351
makespan: 713.007 718.042 728.27 771.042 776.076 786.305 830.019 835.053 916.915 918.367 1006.96 1008.41 1196.71 1222.93 1262.8 1316.31 1356.17 1644.4 1881.41 1890.22 1908.12 2123.68 2149.02 2157.83 2320.35 2323.87 2329.16 2499.09 3119.4 3141.43 3373.3 3440.08 4067.36 4979.46 6297.04 6778.92 
cost: 17.68 17.6 17.52 17.32 17.24 17.16 16.98 16.9 16.76 16.74 16.42 16.4 16.26 16.18 16.1 16.04 15.96 15.72 15.62 15.54 15.46 15.38 15.34 15.26 15.2 15.18 15.1 14.96 14.36 14.28 14.06 14 13.96 13.88 13.86 13.8 
# EMS, Inspiral_30_1.0, runtime: 12.6451, iterations: 1344
makespan: 680.511 697.168 697.366 709.52 784.843 828.607 831.23 947.517 1079.84 1098.26 1102.17 1120.59 1146.6 1224.93 1226.07 1228.61 1274.76 1373.44 1436.64 1462.25 1466.11 1710.57 1719.38 1721.34 2359.31 2364.5 2373.31 2454.27 3135.01 3455.13 4218.44 5936.19 
cost: 18.04 17.8 17.43 17.28 17.06 16.98 16.7 16.54 16.5 16.33 16.18 16.1 15.95 15.91 15.85 15.83 15.81 15.77 15.45 15.34 15.3 15.22 15.12 14.94 14.92 14.82 14.72 14.2 14.1 14 13.9 13.8 
# EMS, Inspiral_30_1.0, runtime: 12.6436, iterations: 1517
makespan: 670.138 670.213 674.116 675.099 692.274 696.177 697.16 754.212 755.194 782.287 893.114 926.761 931.855 936.169 946.054 951.149 1202.22 1207.32 1221.52 1226.61 1374.43 1379.53 1525.65 1534.3 1963.15 1966.48 1972.06 1972.72 2087.86 2270.04 2385.18 2908 3626.45 3638.39 3676.4 3996.54 4048.84 4070.86 4779.51 5938.17 
cost: 22.36 19.76 19.52 19.24 18.72 18.48 18.2 17.96 17.68 17.52 17.48 17.28 17.2 17.16 17 16.92 16.8 16.72 16.64 16.56 16.48 16.4 15.94 15.66 15.46 15.42 15.34 15.28 15.2 15.08 15 14.82 14.58 14.46 14.4 14.36 14.08 13.98 13.88 13.8 
# EMS, Inspiral_30_1.0, runtime: 12.6423, iterations: 1680
makespan: 733.682 735.896 773.574 791.716 793.93 881.069 1122.28 1184.99 1207.32 1214.71 1730.31 1737.7 1904.91 1915.67 2091.26 2547.71 3070.7 3384.39 3463.59 3473.44 3638.29 3776.22 3996.43 4052.69 5877.38 
cost: 18.92 18.4 18.04 18 17.48 16.9 16.8 16.76 16.42 16.22 16 15.8 15.38 15.34 14.98 14.94 14.9 14.75 14.52 14.3 14.2 14.15 14 13.9 13.8 
# EMS, Inspiral_30_1.0, runtime: 12.645, iterations: 1278
makespan: 725.642 725.644 730.799 735.894 770.791 775.886 781.02 833.86 838.954 870.891 872.792 876.025 921.614 930.789 934.022 939.117 979.611 984.706 989.84 998.833 1003.97 1113.35 1118.45 1432.84 1437.93 1461.9 1465.5 1470.82 1479.8 1732.22 1755.06 1759.11 1768.09 1777.01 1785.99 2038.41 2108.9 2285.57 2289.56 3062.36 3063 3440.43 3519.14 3762.03 3828.97 4007.64 4051.95 4074.41 4916.27 6419.2 
cost: 18.56 18.28 18 17.92 17.48 17.4 17.32 17.12 17.04 16.98 16.97 16.9 16.82 16.73 16.66 16.58 16.48 16.4 16.32 16.26 16.18 15.98 15.9 15.88 15.8 15.72 15.7 15.62 15.54 15.46 15.36 15.28 15.2 15.18 15.1 15.02 15 14.96 14.88 14.55 14.4 14.38 14.3 14.28 14.2 14.06 13.98 13.9 13.88 13.8 
# EMS, Inspiral_50_1.0, runtime: 42.1887, iterations: 3134
makespan: 1134.13 1139.25 1261.48 1366.87 1370.22 1565.81 1567.13 1776.5 1973.23 2059.1 2063.05 2398.06 2924.75 3387.02 3862.69 4041.11 4062.14 4104.8 5405.75 5518.4 5897.56 6046.26 6201.76 6538.07 6716.49 6842.27 7924.59 7924.69 8518.97 9599.98 10567.6 11045.4 
cost: 30.5 29.98 29.46 29.17 28.32 28.07 28.02 27.7 27.66 26.98 26.54 26.52 26.4 26.02 25.66 25.58 25.56 25.12 25.02 24.98 24.94 24.92 24.88 24.84 24.8 24.78 24.72 24.7 24.68 24.66 24.65 24.58 
# EMS, Inspiral_50_1.0, runtime: 42.1924, iterations: 3335
makespan: 927.318 928.467 932.464 993.046 994.178 998.138 1015.07 1110.5 1110.77 1111.93 1115.93 1120.61 1181.21 1286.63 1290.59 1318.34 1324.85 1382.09 1455.98 1462.5 1519.75 1671.64 1677.8 1703.77 1709.93 1764.94 1767.14 1939.41 1944.65 1950.81 2005.83 2008.03 2266.34 2266.78 2272.94 2740.47 3068.76 3232.28 3249.37 3250.5 3254.46 3262.88 3275.95 3531.16 4078.35 4086.96 4333.56 4825.37 8168.66 8660.47 
cost: 31.21 30.97 30.79 30.64 30.4 30.22 30.08 30 29.58 29.34 29.16 29.02 28.93 28.78 28.6 28.42 28.38 28.2 28.18 28.02 27.84 27.77 27.58 27.49 27.29 27.13 27.11 26.96 26.86 26.66 26.5 26.48 26.4 26.32 26.12 26.04 26.02 25.96 25.6 25.36 25.18 25.06 24.96 24.88 24.86 24.8 24.78 24.7 24.68 24.6 
# EMS, Inspiral_50_1.0, runtime: 42.1923, iterations: 3221
makespan: 1011.98 1115.7 1119.22 1121.91 1132.64 1191.27 1294.99 1298.51 1299.71 1301.2 1310.44 1311.93 1496.2 1497.69 1500.69 1504.21 1520.06 1577.31 1984.1 1984.17 1989.36 2041.42 2051.46 2303.8 2591.13 2592.24 2606.61 2607.93 2614.53 2623.61 2683.03 2934.28 3027.79 3035.98 3046.94 3050.46 3053.82 3055.14 3062.24 3114.46 3137.17 3368.16 3368.96 3663.82 4436.32 4443.42 4749.59 5861.84 7225.3 10783.7 
cost: 29.39 29.34 29.27 29.07 28.82 28.79 28.74 28.67 28.55 28.47 28.3 28.22 28.19 28.11 28.01 27.86 27.76 27.58 27.52 27.3 27.22 27.12 27.02 26.94 26.93 26.78 26.68 26.53 26.38 26.3 26.1 26.02 25.91 25.78 25.66 25.59 25.41 25.36 25.26 25.16 25.08 25 24.98 24.9 24.88 24.78 24.7 24.68 24.6 24.58 
# EMS, Inspiral_50_1.0, runtime: 42.1924, iterations: 3266
makespan: 1182.56 1327.11 1361.64 1371.99 1377.32 1416.55 1421.71 1433.69 1605.88 1611.2 1650.76 1656.08 1666.5 1826.87 1977.35 1987.54 1997.96 2069.74 2108.84 2118.16 2145.52 2213.91 2322.43 2340.55 2349.86 2494.44 2503.76 2855.97 2874.08 2896.25 3051.73 3473.7 3483.02 4064.22 4086.39 4468.07 4759.38 5058.59 5431.82 5477.42 5546 5806.08 5828.81 5874.65 5920.25 6272.63 6854.04 6876.78 8099.76 10018.8 
cost: 31.2 29.78 29.66 29.5 29.4 28.9 28.82 28.64 28.58 28.48 28.36 28.26 28.1 28.02 27.98 27.82 27.66 27.58 27.48 27.38 27.22 27.18 27.04 26.88 26.78 26.72 26.62 26.58 26.42 26.32 26.3 26.26 26.16 26.14 26.04 25.96 25.9 25.84 25.78 25.72 25.56 25.12 25.04 24.96 24.8 24.78 24.76 24.68 24.6 24.58 
# EMS, Inspiral_50_1.0, runtime: 42.1828, iterations: 3279
makespan: 1020.5 1021.7 1024.34 1027.9 1109.2 1112.72 1118.47 1134.31 1175.96 1179.48 1311.97 1314.61 1318.13 1511.01 1514.53 1565.56 1699.46 1702.98 1756.28 1909.26 1914.08 2046.68 2047.95 2051.47 2088.54 2098.48 2567.24 2928.98 2938.07 3909.02 3909.5 3910.15 3910.63 3912.79 3913.27 3913.9 3914.38 4427.05 6659.15 7378.51 7792.24 9538.56 9675.5 10761.7 
cost: 29.95 29.71 29.58 29.51 29.46 29.39 29.26 28.86 28.81 28.74 28.66 28.53 28.46 28.37 28.3 27.86 27.76 27.69 27.61 27.15 27.05 26.98 26.95 26.88 26.86 26.76 26.22 26.18 26.08 25.5 25.4 25.26 25.16 25.13 25.03 24.98 24.88 24.8 24.78 24.76 24.7 24.68 24.66 24.58 
# EMS, Inspiral_100_1.0, runtime: 98.9124, iterations: 5046
makespan: 1296.49 1343.53 1353.01 1675.75 1678.07 2935.92 2988.2 3356.18 3932.34 3947.9 3953.25 3963.97 4161.21 4379.9 4391.59 4775.69 5396.22 5780.32 6378.09 6414.56 6463.75 6627.09 6663.56 6857.89 7066.47 7892.66 7901.89 8529.53 8908.01 9537.24 10360.1 10782.2 11266.7 12097 12278.4 14150.2 14151.3 14208.5 14548.7 14593.9 14876.7 14921.8 15355.1 15470.3 15830.6 16307.6 16783.9 17385.7 18471 26280 
cost: 57.17 54.81 54.71 52.97 52.63 51.63 51.39 51.27 51.09 50.85 50.61 50.51 50.3 50.18 50 49.9 49.72 49.62 49.32 49 48.83 48.61 48.29 48 47.72 47.68 47.6 47.56 47.42 47.34 47.18 47.16 47.04 46.98 46.94 46.13 45.6 45.35 45.04 44.88 44.72 44.56 44.44 44.3 44.28 44.16 44 43.9 43.88 43.8 
# EMS, Inspiral_100_1.0, runtime: 98.9098, iterations: 4784
makespan: 1234.52 1249.32 1361.66 1362.3 1368.73 1479.86 1772.39 1852.02 2061.55 2166.71 2178.83 2179.93 2859.48 2865.05 2994.03 3254.25 3484.39 4000.93 4218.32 4349.54 4377.3 4649.59 4751.65 4816.85 5135.51 5179.01 5601.88 5611.02 6181.83 6190.98 6643.48 6652.62 7369.67 7797.38 8084.37 8154.45 8559.55 8606.42 8865.8 10119.4 10119.4 12532.7 13152 13832.4 19778.4 26280 
cost: 57.96 57.74 56.16 55.12 54.6 52.4 52.02 51.56 50.7 50.68 50.62 49.8 49.3 49.08 49 48.9 48.78 48.54 47.58 47.24 47.14 47.1 47.02 46.94 46.92 46.88 46.84 46.74 46.72 46.62 46.58 46.48 46.38 46.24 44.8 44.7 44.6 44.5 44.4 44.3 44.2 44.1 44 43.9 43.88 43.8 
# EMS, Inspiral_100_1.0, runtime: 98.8999, iterations: 4706
makespan: 1241.66 1245.42 1333.84 1343.74 1429.99 1450.96 1479.31 1546.37 1554.01 1608.23 1618.03 1635.15 1727.97 1728.93 1766.04 1903.5 1921.87 2540.3 2558.81 2641.55 2817.39 2917.72 3095.63 3190.42 3395.09 3401.92 3844.76 4472.38 5482.96 5745.01 5835.38 6263.11 6698.68 6973.38 7644.71 7830.57 8133.36 8385.51 8896.17 9075.92 9361.76 9729.57 10317.7 11580.8 12477.3 13448.5 13832.6 14934.9 16866.2 26280 
cost: 57.88 57.22 52.91 52.24 52.06 51.53 50.96 50.6 50.32 50.09 49.97 49.76 49.64 49.48 49.32 49.12 48.96 48.34 48.06 47.88 47.82 47.4 47.2 46.92 46.72 46.68 46.58 46.48 46.38 45.26 45.14 45.04 44.94 44.9 44.84 44.8 44.72 44.7 44.64 44.6 44.52 44.5 44.4 44.3 44.2 44.12 44.1 44 43.9 43.8 
# EMS, Inspiral_100_1.0, runtime: 98.8978, iterations: 4857
makespan: 1342.55 1342.76 1345.64 1346.92 1348.24 1349.8 1356.96 1547.14 2022.5 2028.8 2029.66 2084.45 2085.01 2338.55 2928.47 2931 2949.38 2956.64 2966.43 4850.18 4853.9 4855.09 4861.91 5182.53 5407.36 5727.98 5814.05 6134.66 6692.48 7119.84 7683.69 8779.25 8847.76 8916.84 9101.43 9630.14 9689.94 9712.09 10214.6 10293.8 10370 10914.6 11517.6 11565.3 11631.1 12344 12346.9 12905.3 14662.2 26280 
cost: 56.21 55.65 55.13 54.09 53.57 53.05 52.89 51.86 51.59 51.49 51.33 51.11 51.03 50.92 49.98 49.9 49.78 49.68 49.6 47.82 47.45 47.3 47.28 47.24 47.06 47.02 46.96 46.92 46.82 46.72 46.62 45.04 44.98 44.96 44.66 44.64 44.56 44.48 44.46 44.38 44.3 44.2 44.16 44.1 44.08 44 43.98 43.9 43.88 43.8 
# EMS, Inspiral_100_1.0, runtime: 98.8973, iterations: 4709
makespan: 1229.99 1461.82 1682.05 1887.57 2143.14 2279.35 2387.45 2638.43 2776.04 2785.04 2992.13 3244.41 3276.43 3902.82 4371.58 4890.32 5274.42 5675.53 5699.08 6686.02 6692.53 6870.16 7227.18 7249.87 7772.63 7947.52 9564.35 9935.76 10358.3 10787.7 12224 13946.7 14936.9 17837 26280 
cost: 53.74 52.28 50.06 49.65 49.24 49.08 49.02 47.71 47.45 47.35 47.3 47.09 47.01 46.86 45.89 45.58 45.44 45.26 45.16 45.06 44.96 44.92 44.9 44.82 44.8 44.7 44.6 44.5 44.4 44.3 44.2 44.1 44 43.9 43.8 
# EMS, Montage_25_1.0, runtime: 2.95415, iterations: 367
makespan: 17.3725 20.1316 20.1743 20.2547 20.2779 20.289 23.2518 23.2589 24.275 26.201 26.8105 29.1638 29.7733 32.1667 32.7762 35.7784 36.3307 39.365 41.4466 44.8891 45.4564 47.9633 52.0714 54.1857 57.3086 107.18 113.875 284.688 
cost: 4.68 4.44 4.2 3.96 3.72 3.44 3.4 3.16 2.92 2.68 2.44 2.4 2.16 2.12 1.88 1.7 1.46 1.36 1.23 1.18 1.1 1.05 1.03 0.88 0.7 0.64 0.56 0.5 
# EMS, Montage_25_1.0, runtime: 2.95497, iterations: 377
makespan: 17.3725 20.1316 20.2547 20.2889 23.2518 24.245 26.1694 26.6069 28.0947 29.6098 32.6126 34.1004 34.1942 35.4653 40.2457 45.1282 47.3044 51.6874 58.1571 107.18 113.875 284.688 
cost: 4.68 4.44 4.2 3.68 3.16 2.92 2.68 2.44 2.2 2.03 1.88 1.64 1.51 1.46 1.36 1.1 1.05 0.72 0.7 0.64 0.56 0.5 
# EMS, Montage_25_1.0, runtime: 2.95531, iterations: 381
makespan: 17.3725 20.1316 20.1742 20.2547 20.2779 20.2959 23.2588 24.9678 26.2616 26.3204 26.4379 29.2038 29.3548 32.1667 32.3177 35.3014 35.8722 36.0077 37.3808 42.9389 45.2543 47.0328 48.3286 54.4029 58.1413 58.2286 113.875 284.688 
cost: 4.68 4.44 4.2 3.96 3.72 3.44 3.16 2.92 2.88 2.68 2.44 2.4 2.16 2.12 1.88 1.75 1.64 1.51 1.38 1.23 1.18 1.05 0.9 0.72 0.7 0.62 0.56 0.5 
# EMS, Montage_25_1.0, runtime: 2.96094, iterations: 376
makespan: 17.3725 20.1316 20.1742 20.2779 20.2889 23.2518 23.2918 25.3592 25.8595 26.2546 26.2582 26.352 28.8647 29.3148 31.2785 32.3177 32.9093 35.2515 35.8722 36.8011 41.1686 42.2259 43.0227 45.1282 47.3044 51.2057 52.5119 53.8714 56.329 103.786 113.875 284.688 
cost: 4.68 4.44 4.2 3.96 3.44 3.4 3.16 3.03 2.92 2.88 2.68 2.44 2.31 2.16 2.03 1.88 1.79 1.74 1.64 1.51 1.47 1.38 1.23 1.1 1.05 0.88 0.82 0.75 0.67 0.64 0.56 0.5 
# EMS, Montage_25_1.0, runtime: 2.95824, iterations: 378
makespan: 17.3725 20.1743 20.2779 20.289 21.7861 23.2518 24.2007 26.2547 26.4827 27.0627 28.8979 29.4856 30.0656 32.7027 33.1742 34.5791 36.177 36.2485 39.2113 41.16 41.9114 44.9857 45.7954 48.3099 48.4768 51.6874 54.4029 58.1413 58.2286 113.875 284.688 
cost: 4.68 4.44 3.96 3.44 3.2 3.16 2.92 2.75 2.68 2.44 2.31 2.27 2.03 1.88 1.79 1.75 1.64 1.51 1.36 1.33 1.18 1.05 1 0.92 0.87 0.82 0.72 0.7 0.62 0.56 0.5 
# EMS, Montage_50_1.0, runtime: 19.2349, iterations: 1407
makespan: 20.022 20.9257 22.7471 22.761 22.8026 22.856 22.8593 22.8835 22.8929 22.9095 22.9315 22.9433 22.9483 22.9484 22.9533 22.9898 23.0124 26.0295 28.031 28.1795 28.2316 31.2274 32.6713 33.7461 34.1052 37.1997 39.0878 39.1215 39.4011 41.7318 42.5513 43.8139 50.1351 50.7866 53.9664 56.5146 56.6565 73.3904 75.7429 82.7943 88.7943 94.8457 100.786 109.84 116.597 220.115 231.97 550.287 592.562 635.8 
cost: 14.56 13.52 13.28 13.04 12.8 12.28 12 11.76 11.52 11.28 11.04 10.8 10.56 10.32 10.08 9.28 8.76 8.48 7.96 7.55 7.03 6.79 6.44 6.2 5.83 5.51 5.27 5.03 4.74 4.4 4.16 4.04 3.88 3.46 3.21 2.91 2.73 2.67 2.52 2.36 2.12 1.96 1.74 1.56 1.44 1.36 1.28 1.24 1.16 1.1 
# EMS, Montage_50_1.0, runtime: 19.2376, iterations: 1398
makespan: 20.022 22.7471 22.761 22.8026 22.8029 22.8279 22.8929 22.8967 22.9084 22.9216 22.9433 22.9484 22.977 22.9886 23.0306 25.9255 28.0329 28.041 28.1192 28.2043 28.2166 31.9208 31.9913 32.1658 36.2166 36.509 36.6777 38.671 42.0806 42.3663 42.5612 44.4442 44.5189 49.6121 54.7832 59.8455 75.5877 79.229 87.1739 90.2253 92.2318 103.34 109.442 115.695 119.206 215.74 229.17 539.35 585.812 635.8 
cost: 14.56 14.32 14.08 13.84 13.6 13.36 13.12 12.4 12.12 11.64 11.12 10.88 10.64 10.16 9.64 9.36 8.86 8.58 8.21 7.82 7.41 7.38 6.97 6.51 6.39 5.87 5.58 5.24 5 4.76 4.52 4.25 3.91 3.67 3.41 3.29 3.16 2.92 2.55 2.43 2.19 2 1.91 1.72 1.54 1.46 1.28 1.24 1.16 1.1 
# EMS, Montage_50_1.0, runtime: 19.2324, iterations: 1395
makespan: 20.022 22.7471 22.761 22.8026 22.8279 22.8642 22.8835 22.8929 22.9095 22.9315 22.9433 22.9483 22.9484 22.9486 23.0017 23.0613 25.897 28.0329 28.1034 28.1192 28.2216 28.2233 28.9541 31.9145 32.2257 34.1333 35.5885 39.8481 41.8292 42.4391 42.5513 42.7485 47.9826 57.3155 57.4312 58.9209 71.4662 75.0657 78.8029 85.6914 87.8971 97.6143 103.677 110.489 119.531 224.975 235.61 572.175 589.025 635.8 
cost: 14.56 14.32 14.08 13.84 13.36 13.12 12.88 12.64 12.36 11.92 11.88 11.4 11.16 10.88 10.12 9.36 8.84 8.47 8.39 7.89 7.35 7.11 6.72 6.48 6.13 5.8 5.52 5.31 4.87 4.37 4.11 3.87 3.75 3.58 3.45 3.08 2.95 2.69 2.41 2.26 2.15 1.9 1.8 1.62 1.46 1.44 1.28 1.24 1.16 1.1 
# EMS, Montage_50_1.0, runtime: 19.2364, iterations: 1410
makespan: 20.022 22.761 22.8026 22.8279 22.8642 22.8967 22.9084 22.9095 22.9315 22.9433 22.9484 22.9774 22.979 22.9886 23.1054 25.9707 28.0576 28.1835 28.2633 28.299 28.3136 32.0596 33.8168 33.9316 33.9595 37.9435 38.3004 38.3773 38.6771 43.4454 43.5223 44.4871 44.7514 45.6294 58.4497 68.3497 71.4011 77.4154 83.5154 89.7697 95.9068 101.559 107.643 113.7 119.837 218.185 238.355 579.1 595.887 635.8 
cost: 14.56 14.08 13.84 13.6 13.12 12.88 12.36 11.88 11.64 10.92 10.68 10.36 9.88 9.4 8.84 8.56 8.19 7.93 7.41 7.17 6.78 6.45 6.3 6.06 5.82 5.59 5.11 4.87 4.63 4.41 4.17 3.93 3.45 3.32 3.27 3.14 2.73 2.47 2.29 2.23 2.14 1.89 1.72 1.56 1.44 1.36 1.28 1.24 1.16 1.1 
# EMS, Montage_50_1.0, runtime: 19.2311, iterations: 1402
makespan: 20.022 22.761 22.8026 22.8029 22.8642 22.8967 22.9084 22.9315 22.9483 22.9533 22.977 22.979 22.9996 25.937 27.9579 28.1795 28.2216 28.3318 28.937 30.3734 33.7645 33.9316 33.983 34.0599 36.8524 37.8341 40.5665 42.4109 42.4391 42.5612 44.3405 49.4885 50.4033 54.6504 56.2734 71.1801 77.9421 78.6714 84.6943 90.7886 96.8857 102.969 110.534 112.883 118.906 218.47 230.39 559.125 589.15 635.8 
cost: 14.56 14.32 14.08 13.6 13.12 12.4 12.12 11.64 11.4 10.92 10.68 10.44 10.16 9.88 9.62 8.99 8.36 7.1 6.95 6.71 6.47 6.23 5.99 5.75 5.54 5.22 5 4.74 4.46 4.04 3.8 3.58 3.34 3.09 3.01 2.86 2.59 2.46 2.24 2.08 1.92 1.74 1.68 1.58 1.38 1.36 1.28 1.24 1.16 1.1 
# EMS, Montage_100_1.0, runtime: 99.7762, iterations: 4185
makespan: 24.3598 27.1704 27.1731 27.1831 27.1976 27.2122 27.2234 27.2488 27.2838 27.3129 27.3174 29.955 32.3581 32.4071 32.4097 32.4622 32.5026 32.5242 32.5678 36.4142 40.8457 46.7805 46.8494 51.5475 52.757 52.8517 55.4462 61.907 65.9801 69.1868 75.8584 79.9719 85.7283 90.3911 95.4368 98.434 119.778 146.54 167.753 179.393 225.139 231.246 267.545 289.966 296.757 519.325 539.67 1298.31 1315.09 1349.17 
cost: 32.24 31.76 30.8 29.84 28.88 28.64 27.12 26.4 25.4 24.16 23.64 23.16 22.38 21.4 20.29 19.19 18.36 18.12 17.32 16.26 15.23 14.59 13.46 12.88 12.34 11.86 11.38 10.2 9.87 8.95 8.14 7.45 6.74 5.96 5.6 5.12 4.78 4.53 4.37 3.88 3.78 3.5 3.42 3.1 2.84 2.76 2.52 2.44 2.36 2.3 
# EMS, Montage_100_1.0, runtime: 99.7744, iterations: 4300
makespan: 24.3598 27.1733 27.1893 27.1922 27.2278 27.2278 27.2554 27.2642 27.2926 27.3096 27.3157 30.2166 32.4229 32.4278 32.4998 32.5542 35.2753 36.5426 41.0737 41.8603 42.8673 43.2109 43.241 49.7854 49.9099 58.5735 60.9621 64.3783 69.3314 72.6002 81.2227 86.1382 88.5361 103.893 110.079 116.122 140.744 153.52 161.918 178.266 208.606 238.911 269.969 284.329 296.846 519.48 539.67 1298.7 1315.47 1349.17 
cost: 32.24 31.52 30.56 29.12 27.92 27.68 26.72 24.72 24.16 22.64 22.08 21.32 20.89 19.97 19.1 18.02 17.02 16.25 15.47 15.14 14.2 13.76 12.72 12.61 12 11.36 10.53 9.72 8.88 8.64 7.96 7.49 6.68 6.28 6 5.26 4.79 4.67 4.34 3.87 3.83 3.39 3.35 3.1 2.84 2.76 2.52 2.44 2.36 2.3 
# EMS, Montage_100_1.0, runtime: 99.788, iterations: 4357
makespan: 24.3598 27.1556 27.1659 27.1704 27.18 27.1893 27.2073 27.2278 27.2282 27.2313 27.2662 27.2664 27.2688 27.304 27.3148 27.3382 30.2451 32.3471 32.4735 32.4783 32.5542 32.5875 36.5081 40.6382 40.9705 42.408 42.8909 58.5706 60.6124 68.7885 68.9415 79.8749 89.9693 93.6936 98.3276 108.979 136.323 146.046 169.903 179.375 231.439 235.566 281.711 299.226 523.645 539.67 1258.99 1292.15 1309.11 1349.17 
cost: 32.24 32 31 30.52 29.8 28.84 27.6 26.88 26.4 25.64 24.68 23.48 23.24 21.92 21.64 20.64 19.84 18.98 18.11 17.31 16.53 16.16 14.81 14.45 13.65 12.8 11.94 11.56 10.7 10.15 9.41 8.53 7.97 7.01 6.13 5.53 5.16 4.54 4.32 3.78 3.73 3.22 3.18 2.76 2.68 2.52 2.5 2.44 2.36 2.3 
# EMS, Montage_100_1.0, runtime: 99.7828, iterations: 4286
makespan: 24.3598 27.1399 27.1573 27.1657 27.1731 27.2146 27.2174 27.2276 27.2367 27.2552 27.2686 27.2866 27.3119 27.327 30.189 32.3904 32.4348 32.5243 32.5538 32.5786 36.5121 36.5286 36.551 37.6721 41.1047 43.2441 52.6077 61.8296 72.4264 72.5528 74.2942 80.7103 81.5717 86.8532 89.9332 101.356 104.436 134.489 140.475 173.746 179.706 210.032 234.129 269.489 284.257 296.349 518.61 539.67 1296.52 1349.17 
cost: 32.24 31.28 31 30.04 29.32 28.36 27.6 26.88 26.12 25.4 24.44 22.96 22.44 21.6 20.84 19.63 18.72 17.85 17.22 16.46 15.67 15.1 14.44 13.47 12.93 12.4 11.75 10.84 10.21 9.62 9.1 8.56 7.86 7.06 6.52 6.29 5.4 5.38 5 4.26 3.82 3.64 3.36 3.25 3.14 2.76 2.68 2.52 2.36 2.3 
# EMS, Montage_100_1.0, runtime: 99.7872, iterations: 4302
makespan: 24.3598 27.1399 27.1638 27.1733 27.1922 27.248 27.2484 27.249 27.2664 27.2688 27.3011 27.3181 32.3471 32.4073 32.4229 32.5128 32.554 32.5764 32.5788 32.5914 36.5081 36.6249 36.6493 43.0143 43.0909 56.472 57.5045 70.9502 76.6596 77.1667 82.8163 90.9667 92.3349 94.5622 108.895 117.797 140.289 152.363 179.957 220.601 234.257 271.109 292.951 478.91 512.665 539.67 1197.27 1247.46 1281.66 1349.17 
cost: 32.24 31.28 30.56 29.84 28.88 28.16 26.96 26.48 25.76 24.8 23.8 22.76 22.11 21.09 20.46 19.64 18.53 17.51 16.82 16.08 14.99 14.48 13.6 13.28 12.29 11.76 10.85 10.37 10 9.12 8.92 7.74 7.14 6.39 5.88 5.39 5.1 4.52 4.01 3.77 3.44 3.16 2.76 2.72 2.68 2.52 2.48 2.42 2.36 2.3 
# EMS, Sipht_29_1.0, runtime: 3.61908, iterations: 530
makespan: 1259.69 1272.27 1276.21 1552.56 1556.5 1557.39 2226.47 2233.36 2723.88 2725.43 2744.33 2751.18 5566.16 
cost: 15.12 14.04 13.96 13.8 13.76 13.72 13.24 13.16 13.12 13.08 13.06 12.98 11.6 
# EMS, Sipht_29_1.0, runtime: 3.61924, iterations: 525
makespan: 1259.69 1272.27 1276.51 1552.56 1557.38 2226.46 2233.9 2284.04 2725.42 2741.82 2749.24 5566.16 
cost: 15.12 14.04 13.96 13.8 13.72 13.24 13.16 13.12 13.08 13.06 12.98 11.6 
# EMS, Sipht_29_1.0, runtime: 3.62356, iterations: 440
makespan: 1259.69 1261.85 1262.84 1266.78 1276.21 1543.13 1545.23 1552.56 1554.66 2208.23 2209.96 2216.86 2254.23 2255.96 2272.46 5518.96 5520.59 5524.91 5566.16 5639.9 
cost: 15.12 14.2 14.12 14.04 13.96 13.88 13.84 13.8 13.76 13.12 13.04 12.96 12.9 12.82 12.74 11.94 11.76 11.68 11.6 11.58 
# EMS, Sipht_29_1.0, runtime: 3.62513, iterations: 462
makespan: 1259.69 1259.76 1260.24 1262.81 1276.21 1543.1 1552.56 1553.89 1889.83 1890.31 1892.89 1954.56 2233.36 2288.14 2739.21 2744.23 3304.41 3306.96 3368.63 4095.56 4098.13 5324.42 5439.4 5509.65 5512.19 5566.16 
cost: 15.12 14.48 14.24 14.04 13.96 13.84 13.8 13.76 13.68 13.44 13.24 13.2 13.16 13.12 13.04 13.03 12.9 12.7 12.66 12.52 12.32 12.26 12.22 11.98 11.78 11.6 
# EMS, Sipht_29_1.0, runtime: 3.61955, iterations: 536
makespan: 1259.69 1272.27 1276.21 2226.46 2233.36 2288.14 5566.16 
cost: 15.12 14.04 13.96 13.24 13.16 13.12 11.6 
# EMS, Sipht_58_1.0, runtime: 17.7262, iterations: 2011
makespan: 1325.64 2173.58 2174.15 2319.86 3173.25 4103.2 5799.65 7435.38 9468.17 14459.6 
cost: 29.6 29.12 29.04 27.72 27.34 26.62 24.5 24.4 24.38 24.34 
# EMS, Sipht_58_1.0, runtime: 17.7218, iterations: 2022
makespan: 1325.64 2319.86 3170.75 3700.73 3719.16 5799.65 7394.13 7435.38 7499.28 14459.6 
cost: 29.6 27.92 27.42 26.44 26.34 24.5 24.48 24.4 24.38 24.34 
# EMS, Sipht_58_1.0, runtime: 17.7234, iterations: 1972
makespan: 1325.64 1855.58 2129.9 2139.33 2200.12 2216.45 2319.86 3053.76 3173.25 3710.73 5799.65 7435.38 9222.88 14398.9 
cost: 29.6 29.08 28.88 28.8 28.76 28.48 27.72 27.44 27.34 26.34 24.5 24.4 24.38 24.36 
# EMS, Sipht_58_1.0, runtime: 17.7231, iterations: 1924
makespan: 1325.64 1890.31 2319.86 3697.91 3714.41 4725.77 4774.1 5799.65 7435.38 11511 14279.9 
cost: 29.6 28.52 27.72 26.42 26.32 25.98 25.96 24.5 24.4 24.38 24.36 
# EMS, Sipht_58_1.0, runtime: 17.7201, iterations: 1928
makespan: 1325.64 1739.94 2319.86 3170.75 3173.25 3699.85 3702.34 3747.93 3949.53 3952.68 4865.2 5799.65 7429.13 7435.38 11517.4 14451.4 
cost: 29.6 28.52 27.72 27.62 27.54 26.96 26.88 26.54 26.48 26.46 26.28 24.5 24.48 24.4 24.38 24.34 
# EMS, Sipht_97_1.0, runtime: 67.2905, iterations: 5634
makespan: 1278.56 1305.97 1785.36 2237.48 2254.44 2273.66 3213.71 3774.06 4338.84 4369.84 4460.89 4594.67 4603.35 4692.09 4697.9 4718.13 5593.71 5636.09 7557.1 13851.3 19001.7 
cost: 44.2 43.68 43.64 41.72 41.44 41.16 40.86 40 39.82 39.72 39.56 39.5 39.46 39.32 39.22 38.82 36.6 36.5 36.4 36.3 36.26 
# EMS, Sipht_97_1.0, runtime: 67.2969, iterations: 4205
makespan: 1278.56 2031.92 2032.54 2132.73 2181.16 2184.59 2237.48 2253.98 2255.34 2733.33 2750.28 3006.53 3022.17 3037.54 3360.3 3375.2 3404.97 3649.15 3659.6 4161.81 4657.64 4840.2 4882.69 5207.9 5254.02 5309.13 6112.09 6351.98 6353.73 6356.91 6358.65 8254.41 10495.4 10615.3 14749.2 15897 18173.1 21236.6 
cost: 44.2 44.12 43.4 43.32 42.64 42.36 41.88 41.72 41.6 41.34 41.26 41.22 41.14 41.06 41.04 40.96 40.52 40.44 40.24 39.92 39.7 39.26 39.1 37.86 37.56 37.32 36.9 36.72 36.64 36.62 36.54 36.48 36.44 36.4 36.38 36.36 36.3 36.28 
# EMS, Sipht_97_1.0, runtime: 67.2963, iterations: 3962
makespan: 1278.56 1296.28 1667.2 2127.86 2140.16 2237.48 2255.34 2258.62 2985.91 3214.49 3774.06 3863.04 3882.27 4158.71 4189.71 4856.72 4858.76 5295.37 5305.25 5366.05 5593.71 5638.36 7464.78 11978.8 19967.8 
cost: 44.2 43.68 43.12 42.88 42.8 41.52 41.44 41.16 40.88 40.58 40 39.94 39.66 39.42 39.32 38.89 38.85 38.74 38.62 38.52 36.58 36.48 36.4 36.3 36.26 
# EMS, Sipht_97_1.0, runtime: 67.2998, iterations: 5602
makespan: 1278.56 1296.28 1665.5 2129.81 2143.26 2237.48 2915.98 2968.55 3670.52 3693.82 4304.52 4856.51 4858.07 5249.03 5257.71 5298.96 5593.71 5634.96 7542.29 12293.2 19196.9 21591.1 
cost: 44.2 43.68 43.12 42.52 41.96 41.44 41.16 40.62 39.82 39.54 39.38 39.14 38.94 38.72 38.52 38.34 36.6 36.5 36.4 36.3 36.26 36.24 
# EMS, Sipht_97_1.0, runtime: 67.2971, iterations: 5645
makespan: 1278.56 1305.97 1666.87 1669 1675.19 1678.84 2092.77 2237.48 2255.34 2928.74 3213.71 3711.18 4395.43 4407.36 4431.59 5195.87 5318.34 5671.22 7542.29 12293.2 16919.3 19317.3 
cost: 44.2 43.68 43.64 43.4 43.12 42.88 42 41.72 41.44 41.16 40.86 39.8 38.82 38.72 38.62 38.34 38.26 36.5 36.4 36.3 36.28 36.26 
