# MOELS, CyberShake_30_1.0, runtime: 3.7944, iterations: 128
makespan: 146.577 146.663 153.542 153.889 165.206 168.189 176.849 270.027 350.24 353.92 354.61 526.699 545.253 778.188 
cost: 2.64 2.6 2.4 2.36 2.23 2.12 2.08 2.03 2.01 1.96 1.94 1.83 1.78 1.76 
# MOELS, CyberShake_30_1.0, runtime: 3.77828, iterations: 124
makespan: 146.577 146.663 153.542 163.243 165.037 165.143 168.189 176.849 270.027 284.363 303.49 446.601 474.913 627.398 643.578 714.375 777.65 
cost: 2.64 2.6 2.4 2.36 2.31 2.23 2.12 2.08 2.03 1.99 1.97 1.96 1.9 1.87 1.82 1.78 1.76 
# MOELS, CyberShake_30_1.0, runtime: 3.79301, iterations: 122
makespan: 146.577 146.797 153.542 153.894 165.246 168.189 176.849 270.027 283.962 303.49 372.396 484.888 507.688 643.578 701.25 731.726 834.737 
cost: 2.64 2.6 2.4 2.36 2.23 2.12 2.08 2.03 1.99 1.97 1.96 1.94 1.92 1.82 1.8 1.78 1.76 
# MOELS, CyberShake_30_1.0, runtime: 3.78778, iterations: 120
makespan: 146.577 146.786 153.542 154.162 165.223 168.189 176.849 270.027 283.575 353.66 472.425 475.988 643.578 709.025 717.6 
cost: 2.64 2.6 2.4 2.36 2.23 2.12 2.08 2.03 1.99 1.96 1.95 1.92 1.82 1.8 1.76 
# MOELS, CyberShake_30_1.0, runtime: 3.79202, iterations: 122
makespan: 146.577 146.786 153.542 155.82 165.246 168.189 176.849 331.997 446.601 454.584 456.796 498.46 542.325 643.578 712.712 777.65 
cost: 2.64 2.6 2.4 2.36 2.23 2.12 2.08 2 1.98 1.96 1.95 1.94 1.92 1.82 1.78 1.76 
# MOELS, CyberShake_50_1.0, runtime: 18.7619, iterations: 311
makespan: 159.263 159.776 163.037 163.943 173.943 174.103 175.014 190.2 279.877 294.558 417.982 496.103 496.103 499.335 499.877 502.307 519.303 525.788 586.14 586.611 590.825 594.125 
cost: 4.16 3.92 3.79 3.64 3.56 3.48 3.4 3.35 3.33 3.28 3.22 3.11 3.09 3.06 3.05 3.02 3.01 2.96 2.88 2.84 2.82 2.8 
# MOELS, CyberShake_50_1.0, runtime: 18.7524, iterations: 295
makespan: 159.263 160.043 166.014 167.646 174.549 174.754 192.62 260.548 274.542 317.564 395.987 403.944 413.375 413.425 461.786 476.471 485.132 488.005 505.548 522.719 529.404 537.562 559.512 560.819 567.854 586.312 588.112 596.788 710.934 
cost: 4.24 4.16 3.92 3.64 3.55 3.4 3.35 3.33 3.31 3.29 3.27 3.24 3.23 3.21 3.15 3.12 3.08 3.06 3.04 3.01 2.99 2.98 2.96 2.94 2.9 2.86 2.84 2.82 2.8 
# MOELS, CyberShake_50_1.0, runtime: 18.8061, iterations: 300
makespan: 159.351 163.928 173.963 174.754 230.043 236.919 354.645 379.765 387.843 393.533 416.98 432.87 436.89 461.786 475.27 476.182 496.67 501.51 505.413 523.112 528.537 536.662 571.657 586.14 592.562 594.525 596.634 
cost: 4.16 3.64 3.48 3.4 3.37 3.32 3.29 3.28 3.26 3.22 3.21 3.19 3.17 3.16 3.1 3.08 3.07 3.04 3.03 2.99 2.98 2.97 2.95 2.86 2.84 2.82 2.8 
# MOELS, CyberShake_50_1.0, runtime: 18.7647, iterations: 310
makespan: 159.354 159.823 160.145 160.231 160.848 160.848 161.268 175.6 177.723 222.454 237.29 345.841 391.998 409.007 409.664 448.479 462.001 471.144 499.877 527.2 531.929 576.087 578.05 586.14 624.217 
cost: 4.24 4.16 4 3.92 3.8 3.72 3.64 3.55 3.4 3.37 3.32 3.28 3.25 3.2 3.19 3.18 3.15 3.1 3.06 2.99 2.96 2.92 2.86 2.84 2.83 
# MOELS, CyberShake_50_1.0, runtime: 18.7549, iterations: 304
makespan: 159.351 159.777 163.037 163.971 174.517 178.12 178.714 219.71 236.421 289.634 294.66 299.483 485.132 496.103 512.387 513.925 526.999 532.95 536.787 571.657 574.71 575.186 584.993 592.298 599.807 617.725 655.412 
cost: 4.16 3.92 3.79 3.64 3.55 3.42 3.4 3.37 3.32 3.31 3.26 3.23 3.11 3.09 3.06 3.04 3.03 3.02 2.97 2.95 2.91 2.89 2.87 2.84 2.83 2.82 2.8 
# MOELS, CyberShake_100_1.0, runtime: 36.9758, iterations: 218
makespan: 183.201 188.389 188.626 188.88 193.378 195.286 195.824 195.83 199.603 200.354 200.452 202.493 205.469 210.255 222.917 224.906 232.229 233.749 238.326 238.84 299.231 304.553 307.228 413.046 414.416 419.927 432.638 440.577 470.389 471.889 474.138 498.498 527.22 527.491 534.112 535.987 540.329 588.325 648.556 650.416 651.216 655.238 657.179 716.525 
cost: 6.84 6.69 6.54 6.47 6.39 6.38 6.35 6.27 6.15 6.08 6 5.95 5.88 5.82 5.78 5.7 5.67 5.65 5.61 5.59 5.55 5.48 5.47 5.43 5.41 5.34 5.33 5.31 5.3 5.25 5.2 5.15 5.12 5.11 5.08 5.05 5.04 4.99 4.97 4.93 4.91 4.88 4.83 4.8 
# MOELS, CyberShake_100_1.0, runtime: 36.9404, iterations: 216
makespan: 187.203 188.9 202.493 204.197 204.932 205.783 208.563 209.329 209.771 213.749 227.234 228.577 232.937 233.089 234.404 236.109 239.553 305.463 308.894 314.394 392.445 405.072 425.439 425.981 426.407 426.897 437.683 462.673 470.19 472.44 481.475 488.463 532.141 543.509 551.673 574.516 574.869 596.558 647.327 655.929 657.734 
cost: 7.1 6.43 6.3 6.25 6.23 6.15 6.06 6.05 6 5.88 5.87 5.82 5.79 5.78 5.71 5.63 5.59 5.56 5.51 5.5 5.46 5.43 5.4 5.36 5.35 5.31 5.26 5.25 5.24 5.21 5.19 5.18 5.13 5.09 5.07 4.99 4.94 4.87 4.85 4.82 4.8 
# MOELS, CyberShake_100_1.0, runtime: 36.9851, iterations: 208
makespan: 187.203 188.9 197.696 207.755 208.029 227.936 229.731 230.446 238.569 322.725 326.965 328.635 332.449 361.348 367.95 368.783 421.874 428.724 433.313 434.09 451.625 459.717 463.701 477.775 478.311 490.215 490.324 529.966 588.244 590.66 601.004 651.513 657.894 658.431 776.85 
cost: 6.67 6.15 6.08 6.06 5.78 5.76 5.71 5.63 5.59 5.56 5.55 5.5 5.49 5.47 5.45 5.43 5.39 5.37 5.36 5.35 5.32 5.3 5.28 5.24 5.19 5.15 5.08 5.03 4.98 4.96 4.89 4.88 4.86 4.84 4.83 
# MOELS, CyberShake_100_1.0, runtime: 36.9104, iterations: 225
makespan: 187.203 189.537 189.543 189.669 192.886 194.272 203.872 205.934 220.657 220.787 224.433 225.121 230.483 231.891 235.657 238.955 292.268 298.803 299.093 419.238 425.981 441.922 468.712 472.446 473.035 474.383 478.79 493.136 537.087 561.186 636.231 658.045 658.788 804.042 
cost: 6.82 6.75 6.67 6.52 6.34 6.24 6.17 6.02 6 5.92 5.88 5.83 5.81 5.73 5.63 5.58 5.54 5.51 5.46 5.43 5.4 5.35 5.31 5.29 5.28 5.21 5.16 5.11 5.02 4.94 4.92 4.91 4.86 4.84 
# MOELS, CyberShake_100_1.0, runtime: 36.9443, iterations: 221
makespan: 188.9 195.56 198.871 200.341 201.349 218.506 219.48 219.997 221.886 224.308 231.257 233.78 236.026 238.543 294.373 299.835 315.201 328.811 353.193 456.546 468.845 470.503 487.989 487.994 508.484 508.892 529.081 539.862 582.913 589.713 590.275 590.85 591.141 632.119 646.875 649.969 654.111 656.688 719.462 758.202 
cost: 6.67 6.6 6.54 6.52 6.08 6 5.99 5.93 5.89 5.81 5.75 5.71 5.66 5.63 5.6 5.56 5.51 5.47 5.4 5.37 5.34 5.31 5.27 5.2 5.18 5.14 5.12 5.1 5.06 5.01 5 4.99 4.92 4.91 4.9 4.89 4.85 4.84 4.82 4.8 
# MOELS, Epigenomics_24_1.0, runtime: 3.0756, iterations: 135
makespan: 1594.59 1596.85 1599.17 1912.89 1967.64 2058.16 2100.83 2181.11 2223.55 2301.5 2386.64 2559.28 2853.97 2888.11 3422.08 3609.63 3726.83 3819.18 4021.31 4123.89 4320.7 4642.48 4782.23 5327.02 6358.12 6932.61 7059.18 8917.25 9041.57 13104 13538.8 
cost: 45.24 44.82 44.8 44.76 44.72 44.68 44 43.96 43.84 43.32 43.16 42.52 42.24 42.16 41.88 41.66 41.38 41.3 41.1 40.64 40.36 40.28 39.62 38.62 38.16 37.22 37.18 37.14 37.1 37.08 37 
# MOELS, Epigenomics_24_1.0, runtime: 3.07121, iterations: 131
makespan: 1596.85 1685.98 1882 2048.14 2095.01 2135.49 2187.43 2200.83 2301.95 2386.64 2559.28 2593.42 2853.97 2888.11 3383.65 3803.63 3811.76 4013.83 4059.82 4341.88 4354.51 4786.64 5327.02 5393.14 6358.12 6421.77 6932.61 6994.63 7097.37 8378.21 8976.4 13133.3 18642 
cost: 44.8 44.79 44.76 44.68 44.08 44 43.92 43.84 43.4 43.16 42.6 42.52 42.24 42.16 41.88 41.38 41.3 41.1 40.64 40.56 40.36 39.62 38.7 38.62 38.24 38.16 37.3 37.22 37.18 37.14 37.1 37.08 37 
# MOELS, Epigenomics_24_1.0, runtime: 3.07267, iterations: 135
makespan: 1598.1 1600.36 1602.21 1875.61 2056.81 2095.01 2214.61 2301.95 2386.64 2559.28 2853.97 3090.28 3384.76 3689.51 3981.63 4026.01 4303.57 4800.06 5327.02 5335.96 6358.12 6367.05 6932.61 7095.39 8874.77 9021.77 13128.1 22146 
cost: 45.4 45.24 44.8 44.76 44.68 44 43.84 43.32 43.16 42.52 42.24 42.16 41.88 41.38 41.1 40.64 40.28 39.7 38.7 38.62 38.24 38.16 37.22 37.18 37.14 37.1 37.08 37 
# MOELS, Epigenomics_24_1.0, runtime: 3.06491, iterations: 135
makespan: 1596.85 1599.49 1875.61 2056.95 2122.87 2178.86 2223.55 2244.85 2310.89 2357.59 2559.28 2843.26 2853.97 3090.28 3384.76 3811.76 3983.99 4026.01 4320.7 4645.48 4840.55 4845.31 5335.96 6367.05 6932.61 7057.28 8614.12 13050.4 15604.4 
cost: 45.24 44.8 44.75 44.68 43.99 43.92 43.84 43.83 43.32 43.15 42.52 42.44 42.24 42.16 41.88 41.38 41.1 40.64 40.36 40.28 39.78 39.7 38.62 38.16 37.22 37.18 37.1 37.08 37 
# MOELS, Epigenomics_24_1.0, runtime: 3.06695, iterations: 135
makespan: 1599.23 1601.49 1644.04 1659.55 1671.51 2104.34 2214.61 2216.21 2301.95 2310.89 2386.64 2387.79 2559.28 2853.97 3090.28 3384.76 3617.5 3772.38 3981.63 4026.01 4320.7 4642.48 4809.39 5327.02 5339.46 6358.12 6367.05 6932.61 7067.25 8877.16 9021.81 13084 13564.4 
cost: 45.4 45.24 45.23 45.16 44.44 44 43.92 43.84 43.4 43.32 43.24 43.16 42.52 42.24 42.16 41.88 41.66 41.38 41.1 40.64 40.36 40.28 39.7 38.7 38.62 38.24 38.16 37.22 37.18 37.14 37.1 37.08 37 
# MOELS, Epigenomics_47_1.0, runtime: 38.0949, iterations: 780
makespan: 2208.07 2210.21 2417.48 2459.66 2467.08 2692.66 2701.14 2713.57 2728.25 2809.78 2858.58 2877.51 2922.61 2929.15 3131.51 3280.62 3473.89 3606.72 3659.11 3832.73 3965.23 3989 4274.43 4322.69 4340.99 4765.26 5270.68 5313.31 5342.24 5742.27 6203.54 6228.64 6317.32 6524.32 6696.54 6702.87 6867.84 6980.56 7758.22 8481.05 8489.1 9627.02 9701.39 10267.4 11537.6 11662.3 13134.6 14493.8 51592 51615.1 
cost: 103.62 103.36 103.16 102.8 102.4 102.24 102.07 101.58 101.56 101.04 100.76 100.32 100.26 99.48 99.26 98.96 98.78 98.06 98.04 97.7 97.24 96.96 96.54 96.44 96.08 95.8 94.82 94.74 94.1 93.78 92.52 92.5 91.38 90.42 90.3 90.02 89.06 88.9 88.8 87.28 87.12 87.1 86.68 86.6 86.58 86.5 86.42 86.4 86.38 86.32 
# MOELS, Epigenomics_47_1.0, runtime: 38.1126, iterations: 779
makespan: 2209.97 2434.86 2478.04 2483.02 2689.88 2792.19 2813.3 2853.77 2926.3 2935.36 2937.07 3126.77 3286.94 3473.89 3593.14 3788.87 3856.18 3980.84 3999.43 4306.39 4396.75 4751.73 4820.89 5043.77 5261 5286.95 5365.35 5399.53 5737.06 5920.43 5937.5 6236.42 6274.29 6301.26 6373.84 6692.39 6700.58 6849.86 6958.37 7718.94 8481.05 8482.85 9618.66 9683.39 10317.5 10334.8 10822.2 13540.7 14426.3 14470.5 
cost: 103.28 103.16 102.5 102.4 101.4 100.91 100.76 100.34 100.08 99.56 99.48 99.28 98.96 98.78 97.98 97.7 97.68 97.06 97.04 96.54 96.14 95.9 95.86 95.74 95.58 94.98 94.78 94.08 93.72 92.84 92.48 91.6 91.58 90.48 90.46 90.3 90 89.08 88.9 88.8 87.28 87.1 87.08 86.68 86.6 86.58 86.48 86.42 86.4 86.32 
# MOELS, Epigenomics_47_1.0, runtime: 38.0986, iterations: 780
makespan: 2217.99 2220.39 2435.04 2439.79 2446.78 2629.88 2646.44 2824.04 2850.88 2854.34 2868.26 2908.05 2914.9 3131.51 3473.62 3522.33 3586.6 3822.89 3828.28 4014.86 4075.16 4274.43 4334.32 4356.9 4712.9 5270.07 5270.62 5287.39 5296.1 5321.21 5379.22 5396.14 5746.27 5922.75 6272.62 6343.98 6513.66 6831.61 7728.41 8489.1 8518.1 9639.96 9714.17 9754.93 10334.6 11570.9 13138.1 13871.8 17569.1 51741.7 
cost: 103.8 103.28 103.16 102.82 102.47 102.36 101.52 100.84 100.76 100.52 100.24 100 99.48 99.26 98.78 98.76 97.98 97.78 97.7 97.06 97.02 96.62 96.5 96.16 95.92 95.88 95.46 95.38 94.82 94.8 94.18 93.82 93.58 92.48 92.24 91.44 90.1 88.9 88.8 87.12 87.04 87.02 86.7 86.68 86.52 86.48 86.42 86.38 86.32 86.3 
# MOELS, Epigenomics_47_1.0, runtime: 38.1161, iterations: 785
makespan: 2211.59 2436.06 2449.87 2465.73 2470.63 2630.25 2642.18 2650.02 2825.41 2848.78 2861.19 2926.3 3126.77 3285.75 3525.24 3572.07 3791.91 3990.99 4285.97 4313.08 4393.81 4596.29 4738.99 5242.5 5254.41 5345.2 5715.41 5878.8 5951.13 6046.74 6264.52 6268.76 6300.6 6675.36 6688.41 6696.88 6849.86 6895.27 7737.25 7743.31 8481.05 8512.46 8548.68 9706.52 9773.76 10403.5 11323.9 11543.8 14368.1 51667.3 
cost: 103.28 103.16 102.82 102.5 102.4 102.24 101.92 101.52 100.78 100.56 100.24 99.48 99.28 99.04 98.86 97.98 97.7 96.96 96.54 96.52 96.18 96.16 95.88 95.28 95 94.1 93.74 93.64 93 92.9 91.68 91.6 90.48 90.24 90.02 89.94 89 88.9 88.82 88.8 87.28 87.12 87.04 86.86 86.62 86.58 86.52 86.42 86.38 86.32 
# MOELS, Epigenomics_47_1.0, runtime: 38.0789, iterations: 795
makespan: 2209.97 2395.43 2449.07 2720.62 2723.4 2723.5 2740.23 2826.53 2866.62 2929.15 3122.58 3406.59 3502.15 3520.16 3595.48 3629.57 3674.15 3983.88 3991.92 4000.25 4305.87 4339.18 4358.97 4714.23 4748.2 5098.07 5261.91 5287.39 5312.49 5374.82 5379.75 5397.89 5748.02 5928.57 6247.14 6281.82 6317.74 6667.88 6853.49 6948.55 7557.22 8481.05 8500.47 9699.64 9725.54 10311.9 11615 13260.8 19125.3 40118.7 
cost: 103.28 102.8 102.08 101.95 101.84 101.56 101.54 100.76 100.24 99.48 99.3 99.2 98.88 98.78 98.3 98.06 97.98 97.42 97.34 96.96 96.54 96.52 96.16 95.92 95.88 95.64 95.48 94.88 94.86 94.44 94.1 93.82 93.58 92.74 91.6 91.58 90.2 89.96 88.9 88.82 88.8 87.28 87.04 86.76 86.62 86.6 86.52 86.4 86.38 86.3 
# MOELS, Epigenomics_100_1.0, runtime: 87.5981, iterations: 801
makespan: 8536.35 8708.99 8910.59 8925.67 9202.17 10060.8 10118 10632.4 10876.8 10924.3 10925.4 11534.4 11785.2 12029.9 12566.2 12568 12780.2 13628.1 13757.9 14690.7 16877.5 18143.5 18301.5 18581.6 18640.4 19551.8 19636.8 20209 22034.7 22615.9 23782.4 24514.3 26053.9 26684 26813.8 27303.5 28539.5 29879.8 31196.1 32577.4 32897.2 37376.6 45488.7 52951.8 62948.1 72275.1 88291.3 111171 504214 504221 
cost: 995.16 991.11 988.79 986.75 984.79 982.04 977.86 975.06 971.88 970.52 967.5 964.56 961.64 956.16 955.88 952.96 952.68 949.32 948.36 945.68 942.4 938.78 935.92 932.46 931.5 928.92 925.2 918.04 906.76 906.22 898.52 885.88 881.2 871.98 866.82 861.7 856.28 855.52 850.2 849.54 847.02 841.64 841.26 840.94 840.76 840.66 840.64 840.56 840.54 840.46 
# MOELS, Epigenomics_100_1.0, runtime: 87.6748, iterations: 816
makespan: 8551.3 8584.52 8912.72 9178.92 9651.6 9908.6 10644 10910.2 11554.7 11569.1 11820.7 12060.6 12539.1 13627.4 14710.7 16332.5 18119.1 18328.9 18612.9 19595 19656.7 20222.8 21270.5 22034.7 22595.7 23735.1 23758.6 24462 24543.7 26102.3 26707.9 26818.7 26823.1 26841.7 27303 28556.2 28590.2 28592.4 29925.2 31326.9 32667.2 37358.3 41097.1 50554.3 55901.8 73546 78035.1 117282 504213 504220 
cost: 995.16 993 988.79 984.79 982.66 978.14 976.94 972.48 968.7 964.5 961.06 958.22 952.9 949.02 945.96 942.62 939.64 936.16 932.7 928.62 924.9 917.1 913.1 906.88 902.82 898.44 894.92 890.34 885.86 880.9 875.5 875.38 870.42 870.34 865.22 864.48 860.76 859.8 855.52 852.64 848.44 841.64 841.44 841.16 840.76 840.74 840.66 840.56 840.54 840.46 
# MOELS, Epigenomics_100_1.0, runtime: 87.6582, iterations: 811
makespan: 8539.82 8583.07 8923.94 9167.54 9801.52 9931.5 10588.7 10891.6 11552.4 11804.3 11811.9 11850.9 12546 13571.2 13755.5 14665.4 16310.5 18291.2 18595.2 18607.2 18757.8 19584.2 19657.4 20232.7 21270.1 21667.9 21721.4 22078.3 24497.8 24555.7 24569.2 26071.9 26095 26703.1 26717.7 26822.3 27337.7 27340.5 28587.1 28593.6 31212 31355 32717.2 37382.1 52802.4 61453.1 69716.7 84059.6 504216 504225 
cost: 995.16 993 988.79 984.79 981.78 978.14 976.22 972.03 967 964.08 961.58 959 954.34 952.22 949.02 946.68 942.78 939.1 935.22 932.5 929.06 924.98 922.54 918.42 913.08 908.94 906.5 902.4 893.52 889.04 885.6 881.2 880.92 876.12 871.98 866.82 865.84 861.7 860.76 856.28 854.34 850.22 847.96 841.64 841.04 840.84 840.74 840.56 840.54 840.46 
# MOELS, Epigenomics_100_1.0, runtime: 87.6983, iterations: 833
makespan: 8536.65 8701.38 8905.83 8950.92 9177.97 9764.28 9950.11 10145.3 10589.4 10891.9 10900 11562.8 11808.7 11861.7 12035.1 12511.3 13608.9 15473.8 16339.4 18117.7 18598.2 18750.7 19585.8 19618 20251.3 21302.5 22034.7 22087.9 22563.1 23765.4 23784.6 24467.9 24538.8 25879.2 26727.8 26816.6 27308.6 28561.4 29888.1 31201.3 35721.3 37256.2 37362.5 46924.2 55737.6 71497 83581 96342.7 504217 504223 
cost: 995.24 991.11 988.79 986.75 984.79 980.38 978.14 975.7 972.9 970.46 967.5 964.5 961.64 958.94 956.16 952.9 949.32 946.08 942.74 939.4 932.74 928.98 925.34 921.58 914.6 910.6 909.22 906.5 903.14 902.36 895.22 886.5 882.02 881.26 871.7 866.54 861.7 856.28 855.52 850.2 849.34 847.7 841.64 841.32 840.76 840.74 840.64 840.56 840.54 840.46 
# MOELS, Epigenomics_100_1.0, runtime: 87.6136, iterations: 817
makespan: 8539.55 8703.49 8925.67 9613.16 9814.62 9945.69 10132.5 10620.7 10937.7 10940.9 11832.6 11833.4 12556.8 13615.3 13662.4 14708 16332.1 18119.1 18569.8 18570 18983.4 19537.5 19597.8 20241.9 21270.5 21672.1 22548.1 22598.2 23753.4 23781.3 24491.2 24534.6 25874.9 26047.8 26051.1 26804 27319.5 28560.1 29936.7 31185.7 37217.1 37356.8 44451.3 53160.8 64094.6 78098.6 86847.8 95952.4 106515 504222 
cost: 995.31 991.11 986.75 982.66 980.38 978.14 975.76 972.96 970.08 967.56 964.36 959 955.4 951.76 948.16 945.48 942.7 938.8 932.14 931.58 927.62 921.8 918.36 915.1 911.1 907.26 901.44 898.72 894.62 894.34 890.04 885.56 884.8 877.06 876.78 866.82 861.7 856.28 855.52 850.2 847.7 841.64 841.26 840.86 840.76 840.66 840.64 840.56 840.54 840.46 
# MOELS, Inspiral_30_1.0, runtime: 12.6459, iterations: 321
makespan: 381.48 381.596 504.17 544.003 592.435 593.303 600.185 607.614 622.76 623.18 671.736 748.285 806.5 825.359 829.688 891.719 924.729 984.305 1023.49 1025.95 1070.39 1099.48 1179.46 1231.63 1233.81 1306.18 1355.18 1370.14 1386.57 1426.26 1461.63 1487.71 1497.76 1505.64 1564.65 1659.48 1669.46 1676.9 1678.97 1683.19 2105.1 2281.62 2314.03 2561.2 2968.37 8144.84 
cost: 17.4 16.88 16.82 16.62 16.54 16.48 16.38 16.36 16.28 16.08 15.92 15.78 15.76 15.72 15.66 15.58 15.5 15.42 15.4 15.38 15.36 15.2 15.1 15.06 15 14.98 14.96 14.94 14.92 14.84 14.82 14.78 14.62 14.6 14.52 14.48 14.46 14.26 14.24 14.14 14.02 14 13.98 13.92 13.9 13.84 
# MOELS, Inspiral_30_1.0, runtime: 12.6621, iterations: 330
makespan: 381.844 398.082 403.29 423.117 568.515 573.535 582.826 587.846 648.404 710.333 773.154 829.678 832.685 837.013 839.888 899.044 899.051 930.004 1124.18 1141.35 1242.77 1252.86 1262.65 1384.59 1472.97 1474.91 1508.68 1528.08 1528.43 1583.1 1656.55 1679.33 1683.07 1709.34 1769 1775.04 1851.58 2306.86 2626.12 2626.57 2651.78 2665.67 2998.32 8189.58 
cost: 16.98 16.94 16.86 16.66 16.64 16.56 16.36 16.28 16 15.96 15.84 15.74 15.72 15.7 15.66 15.62 15.58 15.44 15.42 15.26 15.16 15.04 14.9 14.82 14.78 14.74 14.7 14.62 14.6 14.5 14.48 14.36 14.26 14.24 14.14 14.12 14.04 14.02 14 13.98 13.96 13.92 13.9 13.86 
# MOELS, Inspiral_30_1.0, runtime: 12.6603, iterations: 324
makespan: 381.48 381.596 501.528 517.472 536.073 550.384 570.095 598.27 607.614 613.129 657.798 714.645 719.688 771.517 813.609 880.944 895.712 937.3 945.853 996.124 1025.73 1102.39 1102.51 1126.82 1152.79 1248.42 1265.58 1278.25 1327.47 1352.51 1368.17 1375.28 1502.86 1528.43 1578.6 1582.98 1669.48 1687.04 1702.26 1845.56 1850.25 2017.2 2131.29 2281.92 2348.9 2524.36 2819.1 2888.7 2998.32 
cost: 17.6 16.88 16.86 16.78 16.7 16.58 16.46 16.44 16.36 16.3 16.24 16.2 16.08 16.04 15.92 15.9 15.82 15.78 15.74 15.7 15.56 15.52 15.42 15.34 15.26 15.14 15.08 15.04 14.98 14.92 14.84 14.74 14.72 14.62 14.6 14.5 14.34 14.32 14.24 14.22 14.14 14.12 14.1 14.08 14.02 14 13.98 13.92 13.9 
# MOELS, Inspiral_30_1.0, runtime: 12.6772, iterations: 326
makespan: 381.48 381.596 382.075 383.041 404.151 483.991 510.746 517.83 528.126 557.369 562.992 569.326 596.921 607.614 746.134 791.503 797.319 800.909 861.507 925.712 930.284 934.073 992.545 1027.28 1107.27 1111.29 1193.93 1255.61 1386.38 1398.12 1504.39 1508.43 1514.83 1528.49 1575.76 1581.98 1676.9 1683.49 1695.35 2113.7 2121.22 2435.26 2605.54 2738.65 2771.41 3266.53 8145.28 
cost: 17.92 17.38 17.28 17.08 17.06 16.97 16.9 16.78 16.7 16.68 16.52 16.46 16.44 16.2 16.18 16.12 16.06 15.84 15.82 15.66 15.58 15.54 15.48 15.46 15.3 15.28 15.18 15.08 14.88 14.82 14.72 14.7 14.66 14.6 14.54 14.44 14.42 14.24 14.14 14.1 14.04 14.02 14 13.98 13.92 13.9 13.84 
# MOELS, Inspiral_30_1.0, runtime: 12.6513, iterations: 328
makespan: 381.48 381.596 442.336 499.527 503.193 531.249 535.976 542.852 558.615 581.16 607.614 681.345 698.597 760.246 763.582 796.181 835.552 843.662 901.911 943.865 975.432 1017.09 1030.81 1084.22 1095.13 1104.83 1161.51 1273.6 1280.71 1338.76 1346.19 1352.51 1405.1 1489.81 1497.76 1578.48 1654.33 1668.2 1671.9 1708.7 1732.5 1888.64 2420.81 2636.17 2888.11 2889.31 3025.6 7787.99 8157.04 
cost: 17.6 17.08 16.96 16.94 16.82 16.74 16.66 16.62 16.5 16.38 16.28 16.24 16.16 16.14 16.06 16.02 15.94 15.86 15.78 15.76 15.68 15.62 15.58 15.56 15.54 15.48 15.34 15.3 15.24 15.12 15.04 14.86 14.82 14.78 14.62 14.54 14.5 14.44 14.28 14.14 14.06 14.04 14.02 13.98 13.96 13.94 13.9 13.88 13.84 
# MOELS, Inspiral_50_1.0, runtime: 42.2171, iterations: 551
makespan: 403.086 403.088 411.311 439.601 440.955 458.368 477.905 483.976 484.033 520.759 579.63 607.39 641.199 719.441 720.57 842.941 857.814 931.969 951.947 1057.44 1067.49 1076.44 1076.84 1101.96 1187.4 1207.14 1220.48 1242.66 1312.77 1318.57 1357.43 1402.34 1537.39 1568.29 1579.77 1684.09 1719.04 1773.66 1847.61 1986.16 2234.82 2331.62 2460.25 2702.07 3005.57 3188.81 3920.17 4472.98 11039.6 13494.3 
cost: 32.76 32.56 32.04 31.76 31.56 31.24 30.95 30.58 30.14 29.98 29.82 29.7 29.4 29.32 29.12 28.98 28.78 28.6 28.34 28.22 27.98 27.88 27.68 27.52 27.44 27.34 27.16 27.06 26.92 26.8 26.62 26.38 26.26 26.18 26.02 25.86 25.6 25.42 25.26 25.14 25.1 25.06 24.98 24.94 24.82 24.74 24.7 24.68 24.64 24.6 
# MOELS, Inspiral_50_1.0, runtime: 42.2404, iterations: 551
makespan: 407.272 408.72 459.085 545.173 555.423 555.825 576.997 579.619 617.056 673.619 712.81 713.81 762.011 769.561 770.965 825.915 878.336 949.337 1030.01 1048.52 1084.48 1134.53 1168.57 1198.46 1206.16 1327.93 1332.85 1348.11 1373.15 1408.01 1412.8 1530.05 1553.48 1562.54 1624.14 1714.37 1762.81 1773.66 1838.61 1948.69 2011.48 2226.45 2502.29 2755.3 2950.84 7546.92 7579.52 10820.8 13665 14059.3 
cost: 32.44 31.52 30.84 30.68 30.52 30.28 30.23 29.8 29.64 29.52 29.4 29.16 29.08 29 28.72 28.68 28.48 28.34 28.2 27.94 27.78 27.66 27.5 27.38 27.18 27.12 27.04 26.9 26.78 26.56 26.36 26.22 26.18 25.98 25.8 25.6 25.52 25.42 25.28 25.16 25.08 24.98 24.92 24.88 24.78 24.76 24.68 24.64 24.62 24.6 
# MOELS, Inspiral_50_1.0, runtime: 42.1898, iterations: 553
makespan: 407.272 416.322 439.454 455.494 479.313 481.753 492.467 533.036 614.534 655.793 656.475 660.506 698.857 719.318 751.411 855.337 908.569 922.994 1028.28 1056.34 1063.37 1069.53 1084.11 1169.9 1185.49 1203.02 1203.23 1302.4 1358.56 1383.98 1468.14 1502.12 1514.71 1533.21 1570.92 1701.51 1720.88 1753.12 1773.66 1898.85 1954.5 1995.43 2212.69 2238.5 2518.8 2797.11 3577.31 4462.36 7974.06 12982.1 
cost: 33 31.96 31.7 31.46 31.02 30.58 30.42 30.06 29.73 29.67 29.4 29.32 29.04 29 28.78 28.62 28.48 28.24 28.12 28 27.8 27.76 27.58 27.48 27.38 27.12 27.1 26.98 26.9 26.76 26.56 26.4 26.22 26.04 25.92 25.78 25.64 25.48 25.28 25.26 25.16 25.12 25.1 25 24.9 24.8 24.72 24.7 24.68 24.6 
# MOELS, Inspiral_50_1.0, runtime: 42.2338, iterations: 529
makespan: 403.333 403.336 428.377 450.022 451.153 461.761 484.105 485.107 517.72 537.034 548.891 557.316 583.173 680.612 713.566 721.031 739.142 856.285 858.819 971.086 972.885 973.938 1071.57 1083.24 1182.72 1184.05 1202.28 1220.25 1354.76 1387.24 1412.8 1548.2 1552.57 1570.79 1636.64 1714.37 1790.06 1906.75 2020.01 2180.04 2255.58 2476.13 2511.85 2790.01 2799.07 3308.82 3328.04 4588.28 11518 12910.7 
cost: 32.12 31.92 31.83 31.64 31.44 31.2 31 30.56 30.44 30.32 30.15 29.72 29.48 29.36 29.22 28.98 28.86 28.7 28.46 28.3 28.16 28.04 27.88 27.68 27.58 27.44 27.3 26.9 26.76 26.52 26.4 26.28 26.1 25.92 25.78 25.56 25.38 25.26 25.18 25.08 25.02 24.98 24.9 24.88 24.8 24.78 24.7 24.68 24.64 24.62 
# MOELS, Inspiral_50_1.0, runtime: 42.2425, iterations: 575
makespan: 403.333 419.377 461.841 481.956 508.948 533.568 587.407 600.606 634.495 654.281 713.235 763.918 774.33 776.788 780.824 785.209 899.36 985.486 1008.6 1016.84 1076.42 1129.38 1140.17 1188.98 1190.26 1223.59 1366.94 1373.22 1407.53 1495.55 1527.3 1528.38 1552.4 1560.16 1624.42 1673.63 1730.75 1803.57 1830.1 1911.37 2084.73 2089.58 2246.27 2372.74 2733.82 3017.49 3500.27 4191.33 12447.8 12985.6 
cost: 31.64 31.4 31.04 30.88 30.36 30.28 30 29.92 29.7 29.43 29.3 29.14 28.98 28.78 28.7 28.58 28.46 28.38 28.29 27.9 27.74 27.68 27.58 27.46 27.28 26.98 26.9 26.76 26.64 26.5 26.48 26.24 26.14 26 25.88 25.78 25.62 25.42 25.22 25.18 25.16 25.06 25.02 24.92 24.9 24.88 24.78 24.68 24.66 24.6 
# MOELS, Inspiral_100_1.0, runtime: 99.1168, iterations: 413
makespan: 385.142 385.2 387.463 431.612 436.909 440.283 454.441 465.263 477.177 490.4 499.739 545.442 549.946 620.002 624.137 634.614 722.727 758.313 785.249 857.904 877.5 882.701 1028.1 1075.97 1107.4 1182.97 1204.52 1228.68 1296.19 1304.41 1433.9 1529.17 1530.73 1638.63 1682.28 1799.4 1872.88 1962.83 2175.48 2247.43 2355.4 2433.17 2484.42 2732.6 3653.56 4139.5 4261.05 19361 20120 23083.9 
cost: 59.96 58.16 58 57.7 57.24 57 56.58 56.18 55.98 55.54 54.54 53.96 53.55 53.3 52.98 52.57 52.34 51.98 51.68 51.34 51.02 50.62 50.46 50.1 49.76 49.7 49.29 48.88 48.54 48.38 47.9 47.66 47.28 46.84 46.18 45.94 45.8 45.54 45.34 45.04 44.98 44.64 44.46 44.32 44.26 44.12 44.1 44.08 44.02 43.96 
# MOELS, Inspiral_100_1.0, runtime: 99.084, iterations: 419
makespan: 385.14 385.205 406.35 410.424 440.579 440.692 445.078 493.175 503.238 516.037 562.221 567.868 575.071 598.246 608.504 625.339 715.756 778.256 802.486 821.989 862.011 890.563 973.555 1009.86 1147.24 1160.87 1185.21 1333.35 1337 1403.6 1460.05 1598.12 1690.3 1902.15 2017.55 2065.24 2132.58 2410.26 2579.76 2630.02 3081.58 3367.66 3623.68 3737.71 4406.88 4758.8 13194.6 15175.4 18602.6 19109.9 
cost: 59.79 58.62 58.02 57.52 57.42 56.9 56.54 56.3 54.66 54.4 54.18 54.08 53.8 53.49 53.18 52.9 52.38 52.04 51.9 51.51 51.28 50.62 50.52 50.01 49.65 49.38 49.1 48.88 48.28 47.84 47.38 47.16 46.82 46.54 46.38 45.46 45.18 45.06 44.82 44.6 44.5 44.4 44.32 44.22 44.18 44.12 44.06 44.04 44 43.94 
# MOELS, Inspiral_100_1.0, runtime: 98.9196, iterations: 426
makespan: 381.041 381.103 390.093 407.632 415.415 455.84 457.316 472.321 481.815 493.947 499.677 573.64 580.517 588.642 593.112 642.299 761.559 763.404 767.739 906.098 948.258 982.06 1007.22 1055.99 1125.22 1136.72 1185.46 1313.88 1363.24 1371.77 1410.58 1511.42 1530.13 1603.75 1721.78 1882.71 1950.12 1957.98 2030.64 2248.56 2430.16 2430.52 2611.65 2753.59 3236.37 3457.62 3870.95 22282.7 24112.9 24651.7 
cost: 57.72 57.2 56.88 56.56 56.12 55.88 55.51 55.16 54.8 54.52 54.16 53.79 53.64 53.26 52.66 52.43 51.92 51.52 51.38 50.84 50.6 50.34 50.18 49.91 49.55 49.3 48.98 48.88 48.4 48.12 47.8 47.48 47.1 46.94 46.74 46.6 46.42 45.88 45.68 45.38 45.12 44.66 44.48 44.36 44.34 44.3 44.12 44.1 44.08 44.02 
# MOELS, Inspiral_100_1.0, runtime: 98.9579, iterations: 413
makespan: 385.14 385.205 394.29 398.922 401.105 446.018 452.777 474.475 488.383 508.474 525.969 546.286 555.811 563.234 644.694 687.796 773.583 821.999 856.992 937.47 984.756 1063.83 1127.3 1162.43 1206.35 1328.45 1417.73 1455.42 1528.87 1676.24 1699.56 1735.05 1736.45 1872.61 1982.06 2038.55 2124.61 2142.37 2271.97 2296.38 2641 2749.66 2891.56 2979.54 3088.49 3267.4 4127.17 4504.43 4834.69 4866.09 
cost: 59.08 58.56 58.16 57.52 57.2 56.82 56.36 55.96 55.19 54.51 54.48 53.88 53.36 52.7 52.55 52.07 51.88 51.52 51.12 50.8 50.36 49.97 49.7 49.38 48.87 48.74 48.32 48.14 47.82 47.8 47.52 47.14 46.66 46.46 46.28 45.58 45.52 44.9 44.88 44.7 44.64 44.48 44.44 44.42 44.18 44.14 44.1 44.06 44.04 43.96 
# MOELS, Inspiral_100_1.0, runtime: 99.0373, iterations: 391
makespan: 385.205 389.995 394.545 396.1 435.077 437.434 470.67 508.213 517.149 532.194 587.188 620.819 642.542 664.789 713.24 715.941 831.119 846.186 856.186 938.838 967.147 1003.26 1043.25 1068.81 1144.16 1150.26 1277.63 1298.86 1420.17 1453.51 1541.9 1555.86 1589.1 1614.43 1859.2 1946.95 2080.09 2213.62 2226.97 2421.45 2568.18 2764.72 3013.63 3328.29 3343.11 3869.77 3939.2 18944.8 18955.9 25425.7 
cost: 58.75 58.55 57.15 56.45 56.12 55.25 54.85 54.62 54.3 53.64 53.16 52.83 52.58 52.27 52.15 51.95 51.59 51.14 50.96 50.6 50.28 50.14 49.9 49.58 49.24 49.02 48.54 48.24 47.72 47.58 47.36 46.96 46.64 46.24 46.12 45.76 45.44 45.22 45.12 44.9 44.7 44.54 44.5 44.38 44.3 44.2 44.1 44.06 44 43.98 
# MOELS, Montage_25_1.0, runtime: 2.97903, iterations: 106
makespan: 17.3724 18.074 20.2401 20.252 20.2784 21.7377 22.7915 26.153 27.9815 28.6976 29.8041 30.9301 34.7236 35.0186 40.4756 41.2824 43.2274 44.9902 53.3296 58.6291 72.3622 73.2445 142.34 
cost: 4.68 4.16 3.64 3.12 2.6 2.36 2.08 1.84 1.56 1.47 1.36 1.32 1.23 1.08 1.05 0.95 0.9 0.8 0.71 0.68 0.63 0.58 0.54 
# MOELS, Montage_25_1.0, runtime: 2.97942, iterations: 107
makespan: 17.3724 18.074 20.2292 20.2305 20.2726 21.8715 22.7914 26.1625 28.013 28.6982 29.8719 30.8616 34.5736 34.9686 39.4292 41.0616 43.2342 44.9674 52.8071 53.7396 56.3909 72.4332 73.4299 119.808 
cost: 4.68 4.16 3.64 3.12 2.6 2.36 2.08 1.84 1.56 1.47 1.36 1.32 1.23 1.08 1.05 0.95 0.9 0.8 0.76 0.71 0.66 0.63 0.58 0.52 
# MOELS, Montage_25_1.0, runtime: 2.97006, iterations: 108
makespan: 17.3724 18.1083 20.2876 20.3278 21.7377 22.8486 26.553 28.0073 28.6902 30.9246 34.6654 34.9386 40.4919 41.2244 43.0424 44.6524 45.0224 53.0896 53.5546 56.2901 73.2796 73.7075 76.466 
cost: 4.68 4.16 3.12 2.6 2.36 2.08 1.84 1.56 1.36 1.32 1.23 1.08 1.05 0.95 0.9 0.88 0.8 0.79 0.71 0.66 0.63 0.58 0.56 
# MOELS, Montage_25_1.0, runtime: 2.9646, iterations: 106
makespan: 17.3724 18.074 20.1891 20.2401 20.2783 21.8715 22.8429 25.9713 28.0038 28.7126 30.8947 34.6462 34.6962 40.613 41.0787 43.025 44.8365 45.1015 53.1996 53.4154 58.4183 73.3402 76.816 
cost: 4.68 4.16 3.64 3.12 2.6 2.36 2.08 1.84 1.56 1.36 1.32 1.23 1.08 1.05 0.95 0.9 0.88 0.8 0.79 0.71 0.66 0.58 0.56 
# MOELS, Montage_25_1.0, runtime: 2.97384, iterations: 108
makespan: 17.3724 18.074 20.2726 22.8429 26.2155 27.8924 28.7526 30.8588 34.6786 34.8186 39.4315 41.2302 43.1279 45.013 52.8458 53.5446 58.727 68.798 73.1195 76.7903 
cost: 4.68 4.16 2.6 2.08 1.84 1.56 1.36 1.32 1.23 1.08 1.05 0.95 0.9 0.8 0.76 0.71 0.68 0.64 0.58 0.56 
# MOELS, Montage_50_1.0, runtime: 19.2611, iterations: 215
makespan: 20.0133 20.7227 20.8084 20.8427 20.8827 22.8741 22.9037 22.9205 22.9318 22.9551 22.9582 22.9787 22.9864 23.0167 23.6684 23.8227 23.8542 23.9027 23.96 25.9273 25.9601 25.9744 26.7799 26.8942 26.9427 26.9513 29.7957 30.5544 32.6885 33.4628 34.9151 35.5896 36.8559 38.8125 41.9352 44.3236 46.6007 48.0205 55.084 55.7731 59.0342 72.7856 75.4442 80.8925 115.453 116.103 183.361 186.881 222.966 349.452 
cost: 14.56 14.04 13.52 13 12.48 11.96 11.44 10.92 10.4 9.88 9.36 8.32 7.52 7.28 7.04 6.76 6.68 6.4 6.32 5.84 5.56 5.28 5 4.72 4.44 4.16 3.94 3.64 3.55 3.4 3.27 3.12 2.95 2.7 2.51 2.26 2.1 1.92 1.9 1.79 1.67 1.58 1.52 1.5 1.42 1.37 1.34 1.26 1.24 1.18 
# MOELS, Montage_50_1.0, runtime: 19.2821, iterations: 217
makespan: 20.0133 20.7056 20.7313 20.8142 20.8227 22.8907 22.9049 22.9269 22.9354 22.9611 22.9674 22.997 22.9998 23.0257 23.7057 23.74 23.817 23.8199 23.8399 25.9463 25.9548 26.017 26.0298 27.737 28.1234 28.6715 28.7143 28.9612 29.8705 30.596 33.4856 34.704 35.7007 36.526 37.9346 39.4658 40.9836 43.8951 51.2596 55.5164 57.786 58.9796 114.486 118.87 132.166 136.236 171.043 245.868 262.474 847.733 
cost: 14.56 14.04 13.52 12.48 11.96 11.44 10.92 10.4 9.88 9.36 8.84 8.32 7.52 7.28 7.08 6.96 6.68 6.4 6.12 6 5.72 5.48 5.2 4.96 4.72 4.68 4.44 4.16 3.79 3.64 3.55 3.4 3.22 3.04 2.79 2.6 2.36 2.16 2.07 1.88 1.69 1.54 1.52 1.44 1.4 1.36 1.3 1.28 1.24 1.2 
# MOELS, Montage_50_1.0, runtime: 19.2904, iterations: 227
makespan: 20.0133 20.7056 20.7227 20.7884 20.8599 20.8827 23.0306 23.6827 23.7762 23.7799 23.8056 23.8742 23.8913 24.0027 25.8496 25.9002 26.7256 26.7827 26.8143 26.8427 28.7809 29.6735 30.5058 32.6749 32.7196 33.58 34.8269 36.0889 36.6257 37.9321 38.7086 38.7752 39.8973 41.8503 42.3908 44.2257 46.732 47.3534 51.4749 51.6411 55.2516 58.3618 71.476 76.17 81 98.9357 99.3297 105.758 206.243 847.733 
cost: 14.56 14.04 13.52 12.48 11.96 11.44 7.28 7.04 6.76 6.68 6.4 6.12 5.84 5.8 5.56 5.28 5 4.72 4.44 4.16 3.94 3.79 3.64 3.55 3.4 3.27 3.12 3.03 2.88 2.8 2.7 2.6 2.51 2.47 2.27 2.2 2.15 2 1.97 1.9 1.74 1.64 1.58 1.53 1.5 1.46 1.36 1.34 1.28 1.2 
# MOELS, Montage_50_1.0, runtime: 19.2547, iterations: 223
makespan: 20.0133 20.7056 20.7227 20.8513 20.9313 22.838 22.918 22.9408 22.947 22.9582 22.9611 22.9864 23.0349 23.7084 23.817 23.8656 25.8209 25.8754 25.9483 25.9756 25.9952 26.4916 26.5433 26.8027 26.9113 28.8042 29.8419 30.5772 33.5599 34.9235 35.7815 36.5711 38.0035 39.1312 39.8201 42.6475 44.5873 51.8308 59.0717 68.768 74.2892 98.8561 132.193 136.036 147.236 205.556 213.476 259.763 345.883 847.733 
cost: 14.56 14.04 13.52 13 12.48 11.96 11.44 10.92 10.4 9.88 8.84 7.52 7.28 7.04 6.76 6.52 6.32 6.12 5.8 5.56 5.28 5.24 4.96 4.72 4.44 4.16 3.79 3.64 3.4 3.27 3.12 3.05 2.8 2.74 2.44 2.23 2.08 1.92 1.78 1.7 1.55 1.5 1.48 1.4 1.32 1.3 1.26 1.24 1.22 1.2 
# MOELS, Montage_50_1.0, runtime: 19.2583, iterations: 228
makespan: 20.0133 20.7227 20.8284 20.8399 20.8713 22.8541 22.9028 22.9125 22.9345 22.9456 22.9669 22.9842 22.9888 22.999 23.0333 23.7713 23.8056 23.8313 23.9027 25.9176 25.9291 25.9435 25.9934 26.0228 28.2532 29.0164 29.6738 29.9408 30.6687 32.6653 33.4357 34.9027 36.6373 40.5868 40.6341 42.0286 43.049 44.9375 46.2292 52.0052 54.3246 56.4296 59.4099 69.7606 76.0568 80.6702 145.804 204.527 223.379 329.138 
cost: 14.56 14.04 13.52 13 12.48 11.96 11.44 10.92 10.4 9.88 9.36 8.84 8.32 7.44 7.28 7.08 6.76 6.4 6.32 6 5.8 5.52 5.24 4.96 4.72 4.31 4.07 3.79 3.64 3.55 3.4 3.12 2.95 2.8 2.54 2.41 2.27 2.18 2.02 1.94 1.82 1.72 1.59 1.58 1.53 1.4 1.36 1.32 1.24 1.2 
# MOELS, Montage_100_1.0, runtime: 99.8228, iterations: 362
makespan: 24.3449 25.1965 25.2194 27.1485 27.1824 27.2147 27.2285 27.2333 27.2459 27.2466 27.2557 27.2652 27.2844 27.2931 27.2959 27.3041 27.3184 27.3213 27.3286 28.2536 30.1411 30.1716 30.2238 30.2673 30.3044 30.3581 32.4754 33.1048 33.247 33.2935 35.0308 35.8288 37.0562 39.2324 43.01 43.0256 48.9985 50.062 68.41 71.8892 112.967 161.668 187.125 215.072 243.652 289.029 330.668 355.477 533.963 1798.9 
cost: 32.24 31.72 30.68 30.16 29.64 29.12 27.04 26.52 25.48 24.96 23.4 21.32 20.8 20.28 19.76 19.24 18.72 18.2 16.64 16.04 15.36 14.84 13.8 13.28 12.28 11.48 10.8 10.24 9.72 9.44 8.62 8.1 7.8 7.28 6.42 6.02 4.84 4.44 4.1 3.52 3.28 3.22 2.98 2.84 2.74 2.72 2.68 2.58 2.56 2.4 
# MOELS, Montage_100_1.0, runtime: 99.9568, iterations: 396
makespan: 24.3596 25.1336 25.1965 27.7886 28.2679 30.0624 30.1224 30.2033 30.2391 30.261 30.3022 30.3058 30.3086 30.7019 31.1654 32.5601 32.5684 33.1527 33.2414 33.3198 33.32 33.3532 34.0138 35.8888 37.2164 39.0724 39.2547 39.4152 41.1373 42.3203 43.9623 44.0509 46.9381 47.0418 48.5069 49.1457 50.9686 59.489 61.5405 67.236 72.8934 147.149 168.475 204.468 214.21 321.996 323.965 396.436 465.134 1798.9 
cost: 32.24 31.72 31.2 16.16 15.96 15.6 15.16 14.64 14.36 13.64 13.52 12.52 12.24 11.84 11.44 11.12 10.84 10.4 9.88 9.4 9.36 8.84 8.6 8.1 7.8 7.56 7.28 7.04 6.54 6.24 5.92 5.72 5.49 5.4 4.86 4.76 4.36 4.04 3.85 3.7 3.42 3.32 3.06 2.78 2.76 2.68 2.6 2.58 2.56 2.4 
# MOELS, Montage_100_1.0, runtime: 99.8725, iterations: 396
makespan: 24.3596 25.1422 27.3472 27.9869 28.9708 30.1654 30.1883 30.2635 30.3003 30.3124 30.3134 30.3649 30.3684 30.406 31.0643 32.5452 32.6372 33.1509 33.2621 33.3549 33.3946 34.2212 35.7888 39.1315 39.2012 39.4018 41.0716 42.4837 43.3492 46.2696 47.5777 50.8728 59.0631 68.6989 72.2822 74.993 87.6904 151.985 164.234 215.91 223.133 258.497 267.197 324.531 330.478 396.216 411.975 509.815 599.533 1798.9 
cost: 32.24 31.72 16.72 16.4 16.08 15 14.76 14.4 13.84 13.04 12.48 12 11.72 11.44 11.2 10.8 10.28 9.87 9.44 8.9 8.75 8.25 7.95 7.43 7.28 6.91 6.6 6.1 5.72 5.3 4.95 4.47 4.43 4.1 3.74 3.36 3.23 3.2 2.92 2.88 2.86 2.72 2.7 2.64 2.6 2.58 2.56 2.54 2.46 2.4 
# MOELS, Montage_100_1.0, runtime: 99.9039, iterations: 345
makespan: 24.3596 25.1336 27.1175 27.1347 27.1604 27.189 27.2028 27.2056 27.2333 27.2406 27.2453 27.2495 27.2552 27.2648 27.2688 27.2816 27.2972 27.3066 27.3103 27.3157 27.3273 27.3422 30.1796 30.2231 30.271 30.289 30.3101 30.3341 30.3514 32.5732 33.2671 33.4166 36.3574 39.1895 39.2758 40.1181 45.4726 46.6722 51.6658 74.5771 109.84 153.531 206.816 212.336 266.689 277.543 322.025 431.273 494.352 1798.9 
cost: 32.24 31.72 31.2 30.68 30.16 29.12 28.6 27.56 26 25.48 24.44 23.92 23.4 22.36 21.84 20.8 19.76 19.24 18.2 17.68 17.16 16.16 15.4 14.84 13.88 13.6 12.76 12.28 11.2 10.52 9.88 9.16 8.47 8.09 7.47 6.76 5.72 5.1 4.36 3.49 3.2 2.88 2.86 2.76 2.7 2.68 2.6 2.58 2.56 2.4 
# MOELS, Montage_100_1.0, runtime: 100.024, iterations: 346
makespan: 24.3449 25.1336 27.1604 27.1861 27.1899 27.1914 27.2112 27.2282 27.238 27.2514 27.2518 27.2581 27.2589 27.266 27.269 27.2751 27.2831 27.2908 27.2994 27.3058 27.3074 27.3271 27.9328 28.2196 30.2163 30.2599 30.2912 30.3181 30.3794 32.6007 33.2702 33.2971 36.3302 39.1619 42.7586 43.3251 48.4709 58.0369 67.0119 73.7524 152.572 161.72 207.887 271.19 289.667 324.817 354.559 413.519 484.901 1798.9 
cost: 32.24 31.72 30.16 29.64 29.12 28.08 27.04 24.96 24.44 23.92 23.4 22.88 22.36 21.84 21.32 20.28 19.76 19.24 18.72 18.2 17.68 17.16 16.4 15.88 15.2 14.24 13.4 12.56 11.28 10.43 9.8 9.35 8.32 7.71 6.34 5.87 5.16 4.45 4.2 3.38 3.28 3.14 2.98 2.8 2.72 2.64 2.6 2.58 2.56 2.4 
# MOELS, Sipht_29_1.0, runtime: 3.63637, iterations: 137
makespan: 1259.69 1702.72 1889.79 1912.01 1912.02 3328.19 3328.2 4150.62 5511.2 5517.42 5523.01 5625.07 
cost: 13.68 13.52 13.34 13.02 12.92 12.48 12.38 12.22 11.68 11.66 11.6 11.58 
# MOELS, Sipht_29_1.0, runtime: 3.62499, iterations: 141
makespan: 1259.69 1702.72 1889.79 1912.01 1912.02 3328.19 3328.2 5511.2 5516.43 5523.01 5625.07 
cost: 13.68 13.52 13.34 13.02 12.92 12.48 12.38 11.68 11.66 11.6 11.58 
# MOELS, Sipht_29_1.0, runtime: 3.63079, iterations: 140
makespan: 1259.69 1702.72 1889.79 1912.01 1912.02 3328.2 4150.62 5515.18 5515.4 5574.27 5625.07 
cost: 13.68 13.52 13.34 13.02 12.92 12.38 12.22 11.68 11.66 11.6 11.58 
# MOELS, Sipht_29_1.0, runtime: 3.63217, iterations: 138
makespan: 1259.69 1702.72 1889.79 1912.01 1912.02 3328.19 3328.2 4150.62 5511.2 5517.42 5523.01 5574.27 5625.07 
cost: 13.68 13.52 13.34 13.02 12.92 12.48 12.38 12.22 11.68 11.66 11.64 11.6 11.58 
# MOELS, Sipht_29_1.0, runtime: 3.62403, iterations: 137
makespan: 1259.69 1702.72 1889.79 1912.01 1912.02 3328.19 3328.2 4150.62 5511.2 5517.42 5523.01 5625.07 
cost: 13.7 13.52 13.34 13.02 12.92 12.48 12.38 12.22 11.68 11.66 11.6 11.58 
# MOELS, Sipht_58_1.0, runtime: 17.7482, iterations: 280
makespan: 1325.64 1325.66 1349.22 1360.51 1410.19 1537.93 1606.48 1710.7 1840.27 1859.51 2319.89 2322.39 2611.08 2898.45 3043.89 3223.11 3224.09 3347.15 3351.2 3542.47 3548.14 3593.88 4600.6 4602.12 4619.1 4816.85 4869.6 5799.65 5799.7 5801.26 5840.95 
cost: 29.14 29.06 29.04 28.8 28.64 28.6 28.28 27.96 27.76 27.68 27.32 27.24 27.18 26.82 26.54 26.5 26.42 26 25.98 25.88 25.86 25.56 25.2 25.14 25.12 24.7 24.66 24.46 24.42 24.36 24.34 
# MOELS, Sipht_58_1.0, runtime: 17.7344, iterations: 276
makespan: 1325.64 1329.78 1341.96 1378.5 1410.19 1537.93 1606.48 1692 1710.7 1797.85 1840.27 1859.52 2319.89 2322.96 2611.08 2614.15 2898.45 3043.89 3223.11 3224.09 3347.15 3351.2 3542.47 3573.84 3592.55 3593.88 3709.99 4602.23 4614.77 4816.85 5799.65 5803.14 5816.91 
cost: 29.14 29.06 29.04 28.88 28.64 28.52 28.28 28.24 27.96 27.92 27.76 27.68 27.32 27.24 27.18 27.14 26.82 26.54 26.5 26.42 26 25.98 25.88 25.86 25.66 25.56 25.52 25.14 25.12 24.7 24.4 24.36 24.34 
# MOELS, Sipht_58_1.0, runtime: 17.7482, iterations: 269
makespan: 1325.64 1325.66 1348.11 1353.57 1361.1 1410.19 1537.93 1606.48 1710.7 1797.85 1840.27 1859.59 2334.71 2339.91 2389.67 2547.52 2611.08 2613.58 2770.71 2898.45 3043.89 3224.09 3347.15 3350.24 3382.7 3425.36 3593.88 3675.95 4461.23 4601.99 4619.51 4816.85 4869.17 5799.65 5862.83 5878.77 
cost: 29.14 29.06 29.04 28.98 28.88 28.64 28.52 28.18 27.96 27.92 27.76 27.68 27.64 27.48 27.36 27.34 27.18 27.14 26.86 26.82 26.54 26.42 26 25.98 25.86 25.7 25.56 25.52 25.26 25.14 25.12 24.7 24.66 24.4 24.36 24.34 
# MOELS, Sipht_58_1.0, runtime: 17.7557, iterations: 272
makespan: 1325.64 1329.8 1348.8 1353.57 1383.31 1410.19 1606.48 1616.49 1710.7 1812.84 1840.27 1859.51 2319.89 2322.96 2611.08 3043.89 3223.11 3224.09 3347.15 3351.2 3542.47 3593.88 3707.86 4462.32 4602.03 4616.27 4816.85 4869.17 5799.65 5803.9 5810.58 5813.02 
cost: 29.14 29.06 29.04 28.9 28.88 28.64 28.28 28.1 27.96 27.92 27.76 27.68 27.32 27.24 26.86 26.54 26.5 26.42 26 25.98 25.88 25.56 25.52 25.32 25.14 25.12 24.7 24.66 24.48 24.46 24.42 24.34 
# MOELS, Sipht_58_1.0, runtime: 17.7709, iterations: 270
makespan: 1325.64 1325.66 1341.96 1353.57 1360.51 1410.19 1410.75 1606.48 1710.7 1808.89 1840.27 1841.24 2319.89 2329.59 2336.36 2547.52 2611.08 2898.45 3043.89 3224.09 3347.15 3351.2 3542.47 3573.84 3593.88 4461.23 4468.96 4600.6 4602.02 4616.75 4816.85 5799.65 5814.82 5864.08 5900.18 
cost: 29.14 29.06 29.04 28.88 28.8 28.72 28.64 28.3 28.04 28 27.84 27.76 27.68 27.58 27.56 27.54 26.86 26.64 26.54 26.42 26.06 25.98 25.88 25.86 25.56 25.4 25.32 25.22 25.14 25.12 24.7 24.42 24.4 24.36 24.34 
# MOELS, Sipht_97_1.0, runtime: 67.3343, iterations: 516
makespan: 1278.56 1297.86 1315.94 1488.98 1583.93 1609.61 1639.16 1647.31 1655.6 1752.46 1752.52 1844.91 1852.7 1921.13 2026.92 2030.09 2237.51 2274.82 2276.66 2390.94 2671.81 2728.33 2782.45 2921.11 2922.03 3032.88 3096.43 3130.06 3147.29 3335.21 3342.34 3657.19 3660.27 3662.32 3673.64 3910.5 3953.36 4241.7 4580.13 4621.9 4622.17 4733.59 4798.16 5048.43 5051.82 5078.23 5436.11 5593.75 5625.61 6596.22 
cost: 43.2 43.04 42.88 42.56 42.52 42.44 42.24 42.16 41.88 41.84 41.76 41.72 41.56 41.48 41.35 41.16 40.74 40.59 40.51 40.48 40.2 39.94 39.84 39.78 39.56 39.28 39.06 38.98 38.92 38.86 38.72 38.51 38.2 38.08 38 37.9 37.8 37.58 37.41 37.3 37.22 37.18 37.14 37.04 36.66 36.6 36.4 36.32 36.28 36.24 
# MOELS, Sipht_97_1.0, runtime: 67.2912, iterations: 528
makespan: 1278.56 1279.01 1288.57 1437.81 1486.39 1490.38 1561.28 1617.48 1639.16 1639.94 1852.12 1876.3 1889.71 2019.36 2025.07 2036.48 2156.35 2156.79 2237.51 2274.16 2303.83 2391.72 2671.81 2673.2 2719.4 2735.83 2776.98 2921.11 3032.88 3130.06 3147.29 3342.34 3346.39 3662.09 3672.99 3674.26 3698.65 3910.54 4131.52 4241.7 4580.13 4613.7 5048.43 5051.82 5081.62 5436.11 5439.61 5593.75 5636.6 
cost: 43.04 42.96 42.88 42.68 42.64 42.56 42.44 42.16 41.78 41.6 41.56 41.48 41.46 41.32 41.24 41.16 41.08 41 40.74 40.64 40.52 40.48 40.2 40.12 40.02 39.94 39.84 39.72 39.04 38.96 38.88 38.72 38.68 38.4 38.28 38.2 38.14 37.9 37.88 37.56 37.4 37.32 36.7 36.65 36.6 36.42 36.4 36.3 36.24 
# MOELS, Sipht_97_1.0, runtime: 67.4091, iterations: 521
makespan: 1278.56 1284.98 1290.79 1363.9 1473.58 1495.51 1561.28 1639.15 1639.16 1640.69 1655.6 1836.17 1848.55 1858.47 1935.41 2019.36 2036.96 2037.67 2210.54 2216.96 2237.51 2277.46 2333.08 2391.15 2719.4 2781.27 2834.75 2921.11 2955.21 3047.13 3112.93 3141.47 3203.78 3317.98 3335.21 3342.34 3657.19 3672.99 3674.26 3910.5 3988.01 4063.45 4241.7 4580.13 4586.37 5048.43 5051.82 5405.56 5593.75 5636.68 
cost: 43.04 42.96 42.88 42.84 42.78 42.64 42.51 42.44 42.24 42.2 41.88 41.8 41.64 41.52 41.48 41.31 41.24 41.2 41.16 41.12 40.74 40.63 40.58 40.48 39.94 39.83 39.6 39.54 39.53 39.46 39.44 39.3 39.08 38.96 38.88 38.72 38.4 38.24 38.14 37.9 37.86 37.81 37.58 37.38 37.36 36.62 36.6 36.38 36.32 36.24 
# MOELS, Sipht_97_1.0, runtime: 67.3633, iterations: 515
makespan: 1278.56 1288.67 1455.34 1467.65 1497.22 1561.28 1639.16 1640.06 1658.4 1665.03 1676.17 1742.68 1832.05 2019.36 2036.59 2215.69 2237.48 2237.51 2277.8 2329.8 2391.07 2719.4 2728.33 2735.83 2779.05 2922.03 2934.69 3032.88 3301.5 3317.98 3335.25 3342.34 3657.19 3659.88 3672.99 3707.84 3910.5 3910.54 4241.7 4580.13 4624.79 4648.31 4914.47 5048.39 5048.43 5405.56 5436.11 5593.75 5634.96 
cost: 43.04 42.88 42.87 42.76 42.64 42.44 42.4 42.2 42.08 41.96 41.88 41.76 41.44 41.31 41.15 41.12 41 40.72 40.66 40.59 40.48 40.18 40.02 39.94 39.84 39.66 39.52 39.06 39.02 38.94 38.86 38.72 38.42 38.3 38.2 38.12 37.86 37.84 37.56 37.42 37.32 37.2 37.16 36.68 36.6 36.46 36.44 36.3 36.24 
# MOELS, Sipht_97_1.0, runtime: 67.3325, iterations: 516
makespan: 1278.56 1284.34 1288.81 1314.46 1498.51 1550.2 1561.28 1617.48 1639.16 1639.19 1639.94 1857.34 1859.2 2019.36 2035.86 2237.51 2273.11 2335.36 2337.96 2671.81 2729.87 2732.43 2735.83 2739.91 2782.02 2921.11 3028.87 3058.02 3096.43 3130.06 3147.29 3342.34 3657.19 3659.14 3660.27 3672.99 3677.93 3910.5 3984.14 4241.7 4580.13 4587.25 4604.33 5048.43 5078.23 5436.11 5479.05 5593.75 5603.74 5634.96 
cost: 43.2 43.12 42.96 42.88 42.83 42.76 42.2 42.08 41.88 41.68 41.6 41.56 41.44 41.32 41.24 40.75 40.71 40.52 40.44 40.24 40.1 40.02 39.94 39.86 39.84 39.72 39.62 39.46 39.12 38.96 38.88 38.72 38.48 38.46 38.24 38.12 38.08 37.9 37.86 37.58 37.4 37.32 37.18 37 36.6 36.44 36.4 36.32 36.3 36.24 
