EMS CyberShake30_1.0
cost 3.120 2.400 2.120 2.080 1.980 1.960 1.800 
makespan 146.577 154.066 171.643 236.757 348.885 414.325 650.900 
GRPHEFT CyberShake30_1.0
cost 3.120 2.520 2.390 1.900 
makespan 146.577 256.885 305.730 545.253 
HMBR CyberShake30_1.0
cost 2.920 2.640 2.600 2.400 2.230 2.120 2.080 2.040 1.980 1.940 1.780 
makespan 146.577 146.772 147.234 153.542 167.943 168.303 176.849 342.232 446.701 507.688 831.937 
MOELS CyberShake30_1.0
cost 2.640 2.600 2.400 2.360 2.230 2.120 2.080 2.000 1.980 1.960 1.950 1.940 1.920 1.820 1.780 1.760 
makespan 146.577 146.786 153.542 155.820 165.246 168.189 176.849 331.997 446.601 454.584 456.796 498.460 542.325 643.578 712.712 777.650 
MOHEFT CyberShake30_1.0
cost 2.640 2.480 2.400 2.280 2.200 2.120 2.030 1.950 1.910 
makespan 146.577 158.234 158.449 167.097 167.566 168.357 304.120 305.010 537.365 
RSGA2 CyberShake30_1.0
cost 2.680 2.600 2.400 2.380 2.360 2.270 2.230 2.200 2.120 2.080 2.060 2.050 2.000 1.960 1.900 1.880 1.850 1.800 1.780 1.760 
makespan 146.577 146.583 153.542 158.689 159.894 165.865 167.183 167.911 168.309 176.871 264.647 281.187 281.812 294.540 295.960 521.514 539.421 539.749 585.550 719.338 
EMS CyberShake50_1.0
cost 3.920 3.400 3.380 3.230 3.180 3.120 2.950 2.930 2.830 2.780 
makespan 175.883 179.311 320.385 335.925 343.815 525.018 712.263 776.137 776.250 779.725 
GRPHEFT CyberShake50_1.0
cost 4.160 3.640 3.570 3.420 3.360 3.230 3.100 3.080 3.000 
makespan 172.257 175.073 271.012 274.867 284.280 314.089 565.962 590.919 595.150 
HMBR CyberShake50_1.0
cost 3.640 3.480 3.420 3.370 3.340 3.220 3.200 3.140 3.120 3.110 3.100 3.060 3.030 2.920 
makespan 167.560 181.105 189.440 232.970 413.266 499.877 527.112 527.975 534.775 539.575 582.293 582.633 598.262 669.100 
MOELS CyberShake50_1.0
cost 4.160 3.920 3.790 3.640 3.550 3.420 3.400 3.370 3.320 3.310 3.260 3.230 3.110 3.090 3.060 3.040 3.030 3.020 2.970 2.950 2.910 2.890 2.870 2.840 2.830 2.820 2.800 
makespan 159.351 159.777 163.037 163.971 174.517 178.120 178.714 219.710 236.421 289.634 294.660 299.483 485.132 496.103 512.387 513.925 526.999 532.950 536.787 571.657 574.710 575.186 584.993 592.298 599.807 617.725 655.412 
MOHEFT CyberShake50_1.0
cost 3.640 3.550 3.480 3.400 3.370 3.350 3.300 3.210 3.130 3.080 3.060 3.000 2.970 
makespan 172.257 256.487 267.622 268.332 349.780 359.689 470.529 557.412 557.837 562.684 574.418 584.033 586.611 
RSGA2 CyberShake50_1.0
cost 4.160 3.640 3.400 3.370 3.350 3.310 3.300 3.240 3.210 3.140 3.100 3.050 2.990 2.970 2.960 2.940 2.920 2.900 2.890 2.870 
makespan 159.269 169.500 179.729 236.421 251.308 259.924 289.407 442.132 452.727 453.097 467.603 475.660 481.314 532.762 564.900 604.325 825.115 825.310 825.365 825.377 
EMS CyberShake100_1.0
cost 7.040 6.760 6.190 6.030 5.950 5.870 5.790 5.780 5.720 5.700 5.680 5.650 5.630 5.600 5.550 5.460 5.420 5.400 5.340 5.320 5.290 5.280 5.270 5.260 5.040 5.000 4.980 4.940 4.900 4.890 4.880 4.860 4.840 4.820 4.800 4.740 4.730 4.700 4.680 
makespan 213.104 213.949 468.311 468.320 468.394 474.911 474.914 512.420 518.572 519.471 519.811 525.811 529.480 532.740 536.274 715.053 753.130 762.430 768.060 773.370 833.480 836.975 839.375 896.565 1548.050 1658.337 1668.450 1738.238 1795.775 1918.138 1973.339 2035.488 2201.000 2211.013 2336.675 2454.013 2630.988 2748.675 2751.588 
GRPHEFT CyberShake100_1.0
cost 8.320 7.800 6.690 6.240 5.880 5.750 5.680 5.300 5.180 5.080 5.000 
makespan 213.104 215.625 224.336 224.636 337.189 350.914 570.556 578.533 586.599 590.599 597.356 
HMBR CyberShake100_1.0
cost 7.340 6.900 6.470 6.300 6.280 6.250 6.100 5.810 5.790 5.780 5.750 5.730 5.710 5.640 5.560 5.530 5.520 5.420 5.340 5.290 5.240 5.180 5.080 5.010 4.990 
makespan 197.244 200.324 209.515 210.249 214.344 216.743 221.986 230.477 235.871 238.763 245.704 254.243 280.323 290.458 309.959 367.989 412.393 424.673 456.567 471.460 548.301 592.084 600.279 698.277 772.579 
MOELS CyberShake100_1.0
cost 6.670 6.600 6.540 6.520 6.080 6.000 5.990 5.930 5.890 5.810 5.750 5.710 5.660 5.630 5.600 5.560 5.510 5.470 5.400 5.370 5.340 5.310 5.270 5.200 5.180 5.140 5.120 5.100 5.060 5.010 5.000 4.990 4.920 4.910 4.900 4.890 4.850 4.840 4.820 4.800 
makespan 188.900 195.560 198.871 200.341 201.349 218.506 219.480 219.997 221.886 224.308 231.257 233.780 236.026 238.543 294.373 299.835 315.201 328.811 353.193 456.546 468.845 470.503 487.989 487.994 508.484 508.892 529.081 539.862 582.913 589.713 590.275 590.850 591.141 632.119 646.875 649.969 654.111 656.688 719.462 758.202 
MOHEFT CyberShake100_1.0
cost 6.490 6.210 6.170 6.090 6.010 5.860 5.780 5.710 5.630 5.590 5.550 5.400 5.310 5.160 5.080 
makespan 209.068 215.118 220.304 220.403 220.653 226.383 227.357 232.589 235.234 255.798 447.694 448.114 570.381 570.556 593.800 
RSGA2 CyberShake100_1.0
cost 8.870 7.040 6.800 6.660 6.630 6.560 6.280 6.210 6.140 6.060 5.910 5.880 5.820 5.690 5.670 5.620 5.610 5.480 5.430 5.410 5.400 5.390 5.360 5.320 5.280 5.200 5.120 5.050 5.010 4.930 4.800 4.780 
makespan 187.203 187.209 189.078 196.452 198.215 203.926 204.048 212.395 216.446 218.786 231.477 234.797 236.047 241.884 260.581 288.578 293.908 360.544 370.112 370.691 398.340 408.138 451.315 451.607 456.567 543.683 544.158 547.644 610.863 638.512 711.075 717.555 
EMS Epigenomics24_1.0
cost 44.120 43.760 43.340 43.320 43.110 43.040 42.280 41.720 41.520 41.500 41.290 41.220 41.080 40.440 40.420 40.210 40.160 40.140 40.040 39.400 39.190 39.120 37.940 37.920 37.660 37.640 37.560 37.100 37.000 
makespan 2285.934 2482.245 2493.029 2493.050 2784.241 2791.432 3705.909 4000.385 4523.558 4523.669 4808.916 4816.107 5023.299 5047.464 5058.519 5338.676 5345.846 5345.867 5543.414 5570.326 5861.517 5868.708 7185.740 7185.761 7472.656 7484.143 7494.506 8503.750 13054.450 
GRPHEFT Epigenomics24_1.0
cost 45.240 42.000 37.100 
makespan 1594.586 2790.525 6976.312 
HMBR Epigenomics24_1.0
cost 45.400 45.240 45.230 45.160 44.830 44.760 44.080 42.600 42.320 42.160 41.880 40.380 37.260 37.180 37.020 37.000 
makespan 1594.586 1607.674 1644.039 1709.109 1903.599 2019.508 2189.734 2577.937 2931.616 3563.561 3858.038 5422.845 7104.958 10150.465 13565.508 22211.953 
MOELS Epigenomics24_1.0
cost 45.400 45.240 45.230 45.160 44.440 44.000 43.920 43.840 43.400 43.320 43.240 43.160 42.520 42.240 42.160 41.880 41.660 41.380 41.100 40.640 40.360 40.280 39.700 38.700 38.620 38.240 38.160 37.220 37.180 37.140 37.100 37.080 37.000 
makespan 1599.231 1601.491 1644.039 1659.552 1671.507 2104.337 2214.609 2216.209 2301.954 2310.891 2386.635 2387.787 2559.282 2853.972 3090.284 3384.760 3617.500 3772.381 3981.630 4026.005 4320.695 4642.479 4809.394 5327.021 5339.463 6358.116 6367.052 6932.607 7067.252 8877.163 9021.807 13083.972 13564.420 
MOHEFT Epigenomics24_1.0
cost 44.480 44.260 43.340 42.420 41.380 40.580 40.020 39.280 38.820 38.620 37.220 37.150 37.000 
makespan 1919.422 3245.848 3491.981 3828.759 4449.929 5517.549 5812.025 7291.079 8322.815 8915.816 10469.131 22149.426 22150.188 
RSGA2 Epigenomics24_1.0
cost 45.240 44.880 44.520 44.320 44.160 43.880 43.640 43.120 42.960 42.720 42.520 42.360 41.960 41.880 41.760 41.580 41.340 41.100 41.000 40.760 40.440 40.140 39.900 39.680 39.420 39.160 39.060 38.860 38.580 38.060 37.840 37.780 37.560 37.500 37.220 37.100 37.080 37.000 
makespan 1594.586 1634.821 1664.237 1856.240 1913.737 1914.138 2037.867 2059.337 2258.189 2310.948 2479.380 2561.410 2777.773 2902.866 3364.751 3550.997 3779.361 3834.568 3979.363 4031.566 4277.756 4448.001 4527.120 4742.122 4845.489 4973.955 5005.428 5182.121 5412.783 5524.515 5654.540 5822.908 5952.932 6860.010 6872.649 6997.307 10487.051 10550.452 
EMS Epigenomics47_1.0
cost 102.960 100.640 100.120 100.000 96.880 96.680 94.080 93.980 93.160 92.920 92.790 92.740 92.710 92.660 92.640 92.460 92.380 91.940 91.760 91.700 91.670 91.620 91.590 91.540 91.520 91.510 91.460 91.440 86.820 86.580 86.400 86.380 86.300 
makespan 6199.114 8604.215 8626.440 9787.610 10848.450 10855.565 15333.660 15355.885 20754.148 20759.629 20772.419 20778.814 20786.822 20793.217 20803.875 21510.537 21607.812 24413.462 24469.025 26603.773 26616.563 26622.958 26630.965 26637.360 26648.018 26714.963 26721.358 26732.017 27113.302 27118.783 27121.125 27138.913 27176.688 
GRPHEFT Epigenomics47_1.0
cost 98.000 86.800 
makespan 3864.120 9660.300 
HMBR Epigenomics47_1.0
cost 103.540 103.280 102.880 102.510 101.240 100.820 98.740 98.220 94.960 92.620 90.240 88.540 86.700 86.560 86.480 
makespan 2208.069 2222.949 2518.538 2531.034 2863.985 2903.910 3655.469 4005.339 5448.813 6949.615 8585.225 8603.557 9774.986 39511.736 51673.357 
MOELS Epigenomics47_1.0
cost 103.280 102.800 102.080 101.950 101.840 101.560 101.540 100.760 100.240 99.480 99.300 99.200 98.880 98.780 98.300 98.060 97.980 97.420 97.340 96.960 96.540 96.520 96.160 95.920 95.880 95.640 95.480 94.880 94.860 94.440 94.100 93.820 93.580 92.740 91.600 91.580 90.200 89.960 88.900 88.820 88.800 87.280 87.040 86.760 86.620 86.600 86.520 86.400 86.380 86.300 
makespan 2209.969 2395.426 2449.069 2720.620 2723.404 2723.497 2740.226 2826.527 2866.615 2929.146 3122.584 3406.588 3502.151 3520.161 3595.479 3629.568 3674.151 3983.877 3991.917 4000.252 4305.874 4339.175 4358.969 4714.229 4748.204 5098.073 5261.905 5287.387 5312.494 5374.819 5379.750 5397.885 5748.020 5928.571 6247.144 6281.817 6317.743 6667.877 6853.487 6948.551 7557.218 8481.052 8500.470 9699.639 9725.544 10311.902 11615.020 13260.800 19125.321 40118.722 
MOHEFT Epigenomics47_1.0
cost 100.080 99.840 99.120 98.240 95.840 95.060 93.380 92.500 91.260 90.500 89.880 89.640 87.880 86.780 86.580 
makespan 4408.174 4758.573 5859.675 6716.153 7268.504 8198.428 8296.430 9152.908 9647.783 11259.787 14383.845 14733.714 15820.914 17454.274 20928.367 
RSGA2 Epigenomics47_1.0
cost 103.540 102.960 102.250 101.070 100.550 100.220 99.700 99.460 99.100 98.570 98.050 97.810 97.310 96.880 96.360 96.100 95.950 95.670 94.890 94.790 94.160 93.680 93.220 92.780 92.400 91.720 91.160 90.680 90.080 89.460 89.340 89.060 88.860 88.360 87.720 87.420 87.180 87.060 86.760 86.680 86.660 86.580 86.560 86.480 86.460 
makespan 2208.069 2427.304 2698.946 2759.208 2805.461 2867.725 2878.497 3228.367 3467.133 3529.249 3540.975 3890.844 3932.699 4222.331 4231.296 4291.531 5019.770 5063.329 5205.948 5238.797 5259.964 5308.326 5861.733 5888.614 6137.539 6152.884 6221.655 6239.539 6408.484 6443.966 6818.828 6859.895 7223.965 8009.030 8050.868 8115.998 8466.133 9626.604 9691.603 10289.409 11217.966 11655.900 13799.872 14400.782 22794.053 
EMS Epigenomics100_1.0
cost 903.560 900.160 895.940 894.960 891.560 891.200 890.380 887.080 885.900 882.500 881.760 880.940 877.540 876.680 875.860 872.460 871.520 870.700 867.300 866.320 865.500 862.100 860.980 860.160 856.760 856.340 855.000 854.180 850.780 850.460 849.040 848.620 844.820 844.400 842.320 841.900 841.700 841.600 841.500 841.400 841.300 841.200 841.100 841.000 840.900 840.800 840.700 840.600 840.500 840.460 
makespan 21982.021 21989.786 22557.500 23710.663 23711.278 24387.793 24411.674 24412.709 24485.441 24488.524 25999.377 26024.040 26025.440 26631.953 26657.476 26658.931 26752.026 26779.669 26780.284 27247.319 27274.472 27274.869 28484.735 28510.905 28511.580 28522.235 31131.335 31157.554 31158.267 31168.922 31273.366 31284.021 31300.224 31310.879 37331.946 37342.496 43703.138 50365.714 63870.002 64170.187 76900.996 94270.549 118243.927 146079.183 170264.471 226410.358 270820.871 339692.871 400472.583 462536.088 
GRPHEFT Epigenomics100_1.0
cost 944.720 841.600 
makespan 14936.625 37341.562 
HMBR Epigenomics100_1.0
cost 995.310 995.160 993.000 992.560 991.160 990.880 990.760 986.800 978.220 977.660 971.860 971.780 958.140 948.200 930.380 898.980 873.520 841.740 841.160 840.620 840.460 
makespan 8535.214 8540.402 8565.687 8671.715 8671.835 8677.402 8900.742 8927.883 9951.099 10641.146 11811.284 11865.052 12554.615 15895.943 19647.894 30901.160 31430.005 37431.096 122274.664 504226.912 504230.117 
MOELS Epigenomics100_1.0
cost 995.310 991.110 986.750 982.660 980.380 978.140 975.760 972.960 970.080 967.560 964.360 959.000 955.400 951.760 948.160 945.480 942.700 938.800 932.140 931.580 927.620 921.800 918.360 915.100 911.100 907.260 901.440 898.720 894.620 894.340 890.040 885.560 884.800 877.060 876.780 866.820 861.700 856.280 855.520 850.200 847.700 841.640 841.260 840.860 840.760 840.660 840.640 840.560 840.540 840.460 
makespan 8539.546 8703.491 8925.674 9613.164 9814.623 9945.690 10132.460 10620.687 10937.687 10940.947 11832.566 11833.416 12556.848 13615.290 13662.380 14707.973 16332.078 18119.113 18569.800 18570.018 18983.428 19537.474 19597.820 20241.924 21270.490 21672.147 22548.090 22598.206 23753.370 23781.268 24491.226 24534.569 25874.928 26047.802 26051.095 26804.042 27319.484 28560.133 29936.711 31185.683 37217.088 37356.829 44451.342 53160.844 64094.629 78098.586 86847.792 95952.442 106514.742 504221.958 
MOHEFT Epigenomics100_1.0
cost 957.420 954.920 952.660 937.840 935.860 931.680 916.740 910.980 908.480 877.580 874.980 872.000 867.330 851.790 849.370 848.910 845.850 844.370 843.850 840.550 
makespan 24974.665 31006.493 35518.739 36006.777 42038.605 44786.266 47168.649 56749.722 62781.550 91469.341 97500.747 111948.773 130157.025 131358.584 137405.520 155221.153 169661.253 176859.981 199987.048 207675.590 
RSGA2 Epigenomics100_1.0
cost 995.310 992.420 987.910 985.710 983.470 979.560 977.120 973.780 968.380 965.230 962.310 959.470 953.580 950.520 946.790 942.790 942.400 938.940 935.500 932.160 928.440 924.920 920.070 916.350 912.670 908.740 905.150 900.980 897.460 896.130 893.080 892.420 888.080 884.260 881.800 879.220 878.000 874.140 873.880 867.560 867.160 862.780 861.500 857.680 855.200 851.620 850.160 845.240 843.840 842.840 841.600 841.580 840.960 840.900 840.760 840.660 840.580 840.560 840.500 840.460 
makespan 8535.214 8897.152 8897.257 9160.637 9575.819 9876.425 10081.460 10552.608 10864.441 11480.669 11733.477 11982.103 12473.420 13531.802 13589.727 16254.987 16271.735 18053.608 18227.366 18514.133 18692.322 18923.515 19489.372 19538.562 20183.695 21197.025 21615.010 21974.469 22486.262 22503.348 23677.161 23679.937 24382.638 24451.342 25366.767 25991.259 25992.927 26623.355 26624.267 26807.613 26820.461 27238.405 27309.097 28477.128 29862.606 31122.532 31184.638 31265.693 32654.326 37297.415 37807.747 48369.109 52351.293 59515.079 65617.496 75990.326 82697.135 82711.614 184874.316 227662.769 
EMS Inspiral30_1.0
cost 18.560 18.280 18.000 17.920 17.480 17.400 17.320 17.120 17.040 16.980 16.970 16.900 16.820 16.730 16.660 16.580 16.480 16.400 16.320 16.260 16.180 15.980 15.900 15.880 15.800 15.720 15.700 15.620 15.540 15.460 15.360 15.280 15.200 15.180 15.100 15.020 15.000 14.960 14.880 14.550 14.400 14.380 14.300 14.280 14.200 14.060 13.980 13.900 13.880 13.800 
makespan 725.642 725.644 730.799 735.894 770.791 775.886 781.020 833.860 838.954 870.891 872.792 876.025 921.614 930.789 934.022 939.117 979.611 984.706 989.840 998.833 1003.967 1113.351 1118.446 1432.839 1437.933 1461.904 1465.497 1470.819 1479.804 1732.220 1755.056 1759.109 1768.094 1777.009 1785.994 2038.410 2108.902 2285.570 2289.564 3062.358 3063.000 3440.428 3519.137 3762.030 3828.975 4007.637 4051.950 4074.412 4916.275 6419.200 
GRPHEFT Inspiral30_1.0
cost 16.500 
makespan 1668.975 
HMBR Inspiral30_1.0
cost 19.240 17.880 17.580 17.420 17.240 17.220 17.180 16.900 16.890 16.840 16.580 16.240 16.060 15.740 15.680 15.560 15.440 15.320 15.060 14.760 14.420 14.180 14.040 
makespan 381.490 381.596 403.514 440.469 442.161 448.655 567.604 615.474 618.883 631.063 771.411 775.102 1008.815 1097.250 1107.649 1213.543 1337.973 1363.894 1522.340 1715.917 2123.630 2493.362 2858.628 
MOELS Inspiral30_1.0
cost 17.600 17.080 16.960 16.940 16.820 16.740 16.660 16.620 16.500 16.380 16.280 16.240 16.160 16.140 16.060 16.020 15.940 15.860 15.780 15.760 15.680 15.620 15.580 15.560 15.540 15.480 15.340 15.300 15.240 15.120 15.040 14.860 14.820 14.780 14.620 14.540 14.500 14.440 14.280 14.140 14.060 14.040 14.020 13.980 13.960 13.940 13.900 13.880 13.840 
makespan 381.480 381.596 442.336 499.527 503.193 531.249 535.976 542.852 558.615 581.160 607.614 681.345 698.597 760.246 763.582 796.181 835.552 843.662 901.911 943.865 975.432 1017.092 1030.808 1084.220 1095.134 1104.829 1161.513 1273.605 1280.714 1338.761 1346.195 1352.509 1405.097 1489.815 1497.761 1578.485 1654.332 1668.198 1671.900 1708.696 1732.501 1888.635 2420.807 2636.171 2888.111 2889.307 3025.603 7787.988 8157.038 
MOHEFT Inspiral30_1.0
cost 18.260 17.800 17.280 16.760 16.620 16.520 15.830 15.510 15.470 14.520 14.440 14.350 14.200 
makespan 448.013 713.539 713.613 758.774 919.880 1165.775 1191.345 1278.688 1520.335 1834.668 2179.523 2583.256 2584.262 
RSGA2 Inspiral30_1.0
cost 17.540 17.020 16.740 16.720 16.710 16.640 16.310 16.260 16.180 16.110 16.070 16.040 15.970 15.890 15.820 15.780 15.720 15.690 15.640 15.570 15.480 15.450 15.400 15.280 15.240 15.220 15.130 14.980 14.960 14.800 14.720 14.620 14.510 14.420 14.390 14.320 14.210 14.110 14.010 
makespan 381.480 381.691 385.172 396.945 502.606 514.517 534.700 534.939 608.470 682.081 693.475 735.239 744.479 762.454 774.607 791.449 806.167 838.016 842.574 845.311 857.291 917.031 921.588 928.819 936.306 1122.071 1251.102 1255.103 1255.960 1473.935 1477.628 1478.269 1491.266 1498.787 1560.679 1572.426 1665.018 1665.189 1689.883 
EMS Inspiral50_1.0
cost 29.950 29.710 29.580 29.510 29.460 29.390 29.260 28.860 28.810 28.740 28.660 28.530 28.460 28.370 28.300 27.860 27.760 27.690 27.610 27.150 27.050 26.980 26.950 26.880 26.860 26.760 26.220 26.180 26.080 25.500 25.400 25.260 25.160 25.130 25.030 24.980 24.880 24.800 24.780 24.760 24.700 24.680 24.660 24.580 
makespan 1020.495 1021.700 1024.340 1027.897 1109.203 1112.723 1118.471 1134.308 1175.963 1179.483 1311.973 1314.613 1318.133 1511.013 1514.533 1565.560 1699.457 1702.977 1756.280 1909.260 1914.077 2046.677 2047.948 2051.468 2088.539 2098.480 2567.240 2928.984 2938.069 3909.016 3909.495 3910.147 3910.626 3912.787 3913.266 3913.900 3914.379 4427.050 6659.150 7378.513 7792.238 9538.562 9675.496 10761.684 
GRPHEFT Inspiral50_1.0
cost 29.900 
makespan 1763.500 
HMBR Inspiral50_1.0
cost 34.840 34.120 33.080 32.840 32.440 32.000 31.720 30.420 30.300 29.840 29.540 29.400 29.140 28.260 27.960 27.820 27.340 26.840 26.700 26.420 25.560 25.200 24.920 24.820 
makespan 403.086 403.088 406.035 483.058 560.097 599.710 599.740 652.371 685.977 703.866 782.231 814.336 946.957 1147.338 1252.885 1278.566 1495.051 1657.558 1697.805 1740.444 2057.201 3098.913 8928.891 12944.062 
MOELS Inspiral50_1.0
cost 31.640 31.400 31.040 30.880 30.360 30.280 30.000 29.920 29.700 29.430 29.300 29.140 28.980 28.780 28.700 28.580 28.460 28.380 28.290 27.900 27.740 27.680 27.580 27.460 27.280 26.980 26.900 26.760 26.640 26.500 26.480 26.240 26.140 26.000 25.880 25.780 25.620 25.420 25.220 25.180 25.160 25.060 25.020 24.920 24.900 24.880 24.780 24.680 24.660 24.600 
makespan 403.333 419.377 461.841 481.956 508.948 533.568 587.407 600.606 634.495 654.281 713.235 763.918 774.330 776.788 780.824 785.209 899.360 985.486 1008.602 1016.844 1076.424 1129.381 1140.170 1188.979 1190.263 1223.587 1366.939 1373.219 1407.528 1495.551 1527.297 1528.377 1552.401 1560.162 1624.418 1673.629 1730.747 1803.574 1830.101 1911.368 2084.727 2089.584 2246.266 2372.736 2733.822 3017.486 3500.272 4191.326 12447.835 12985.623 
MOHEFT Inspiral50_1.0
cost 30.630 30.110 29.440 27.820 27.380 27.100 26.840 26.600 26.540 25.210 25.130 25.050 25.040 24.890 24.850 
makespan 816.946 820.821 1086.852 1152.285 1235.100 1370.755 1602.724 1695.202 2435.181 2694.140 3171.310 3523.315 4365.680 4366.877 4712.340 
RSGA2 Inspiral50_1.0
cost 31.900 31.700 31.520 31.200 30.780 30.420 30.180 29.950 29.720 29.620 29.400 29.300 29.160 28.980 28.840 28.760 28.700 28.460 28.440 28.280 28.060 27.900 27.780 27.590 27.460 27.260 27.050 26.980 26.800 26.600 26.500 26.270 26.070 25.960 25.780 25.630 25.540 25.320 25.160 24.980 24.880 24.860 24.780 24.680 24.580 
makespan 403.086 421.014 451.073 453.194 486.754 528.484 532.328 546.118 546.426 555.458 632.013 651.340 727.895 748.665 759.331 858.614 898.261 928.846 989.888 1032.304 1053.526 1110.973 1111.807 1181.339 1194.699 1208.603 1266.887 1288.080 1348.184 1351.896 1443.213 1452.495 1515.086 1537.792 1542.173 1598.799 1669.950 1689.574 1719.699 1764.197 1892.352 2699.175 2925.531 3436.476 8722.897 
EMS Inspiral100_1.0
cost 53.740 52.280 50.060 49.650 49.240 49.080 49.020 47.710 47.450 47.350 47.300 47.090 47.010 46.860 45.890 45.580 45.440 45.260 45.160 45.060 44.960 44.920 44.900 44.820 44.800 44.700 44.600 44.500 44.400 44.300 44.200 44.100 44.000 43.900 43.800 
makespan 1229.988 1461.816 1682.051 1887.571 2143.137 2279.351 2387.449 2638.427 2776.037 2785.037 2992.127 3244.412 3276.429 3902.817 4371.584 4890.322 5274.422 5675.534 5699.084 6686.022 6692.534 6870.164 7227.177 7249.872 7772.627 7947.525 9564.350 9935.762 10358.287 10787.750 12224.025 13946.717 14936.925 17837.017 26279.950 
GRPHEFT Inspiral100_1.0
cost 62.720 53.400 
makespan 666.380 1665.950 
HMBR Inspiral100_1.0
cost 63.960 63.880 63.240 62.480 62.450 62.160 61.950 61.630 59.520 58.990 58.200 58.100 56.260 55.850 55.620 54.580 53.470 52.690 52.510 52.470 51.710 51.120 51.080 50.800 50.140 49.620 47.020 45.200 45.140 44.600 44.340 
makespan 380.791 380.793 380.796 380.854 381.701 381.776 382.328 383.942 390.253 439.151 489.710 490.685 506.064 531.534 534.611 616.579 630.837 729.146 820.929 862.416 979.434 1073.744 1169.321 1365.863 1437.483 1660.808 1749.505 3007.240 5104.340 18358.690 21958.980 
MOELS Inspiral100_1.0
cost 58.750 58.550 57.150 56.450 56.120 55.250 54.850 54.620 54.300 53.640 53.160 52.830 52.580 52.270 52.150 51.950 51.590 51.140 50.960 50.600 50.280 50.140 49.900 49.580 49.240 49.020 48.540 48.240 47.720 47.580 47.360 46.960 46.640 46.240 46.120 45.760 45.440 45.220 45.120 44.900 44.700 44.540 44.500 44.380 44.300 44.200 44.100 44.060 44.000 43.980 
makespan 385.205 389.995 394.545 396.100 435.077 437.434 470.670 508.213 517.149 532.194 587.188 620.819 642.542 664.789 713.240 715.941 831.119 846.186 856.186 938.838 967.147 1003.259 1043.248 1068.812 1144.155 1150.258 1277.632 1298.862 1420.167 1453.510 1541.904 1555.865 1589.099 1614.425 1859.204 1946.948 2080.095 2213.620 2226.970 2421.449 2568.179 2764.716 3013.630 3328.285 3343.109 3869.773 3939.200 18944.763 18955.873 25425.673 
MOHEFT Inspiral100_1.0
cost 55.170 53.890 52.990 52.280 51.410 51.330 50.990 50.470 49.520 48.980 48.150 47.990 47.470 46.410 46.200 45.850 45.760 45.660 45.380 44.440 
makespan 746.006 826.284 985.803 1114.270 1226.276 1238.901 1480.585 1491.537 1536.977 1582.235 1765.642 2143.140 2144.181 2257.600 2453.147 2586.280 3171.163 3443.062 3446.623 3880.184 
RSGA2 Inspiral100_1.0
cost 58.590 57.720 57.280 57.080 56.610 56.230 56.120 55.540 54.700 54.410 54.200 54.020 53.610 53.320 52.920 52.840 52.560 52.420 52.180 51.920 51.660 51.100 50.760 50.400 50.110 49.890 49.630 49.320 49.160 48.950 48.680 48.470 48.040 47.990 47.620 47.560 47.240 47.160 46.390 46.200 45.900 45.720 45.420 45.320 45.120 45.020 44.850 44.800 44.740 44.460 44.360 44.320 44.240 44.160 44.140 44.060 44.040 43.960 43.940 43.860 
makespan 380.791 381.103 381.182 382.099 434.509 437.046 438.673 442.155 454.876 467.617 527.163 582.700 599.009 608.417 657.723 660.246 713.287 828.914 882.485 905.264 959.251 980.885 988.576 989.545 1027.259 1093.336 1136.129 1176.702 1280.888 1286.405 1294.883 1353.107 1362.063 1369.285 1372.956 1402.158 1403.228 1406.798 1519.980 1634.431 1666.731 1723.250 1768.304 1949.773 2012.179 2148.150 2424.769 2471.194 2946.825 2970.152 3011.894 3307.437 3423.762 5157.103 7245.690 7844.707 8510.154 8549.919 9735.380 11002.117 
EMS Montage25_1.0
cost 4.680 4.440 3.960 3.440 3.200 3.160 2.920 2.750 2.680 2.440 2.310 2.270 2.030 1.880 1.790 1.750 1.640 1.510 1.360 1.330 1.180 1.050 1.000 0.920 0.870 0.820 0.720 0.700 0.620 0.560 0.500 
makespan 17.373 20.174 20.278 20.289 21.786 23.252 24.201 26.255 26.483 27.063 28.898 29.486 30.066 32.703 33.174 34.579 36.177 36.248 39.211 41.160 41.911 44.986 45.795 48.310 48.477 51.687 54.403 58.141 58.229 113.875 284.688 
GRPHEFT Montage25_1.0
cost 4.680 4.160 3.640 3.120 2.600 2.080 1.710 1.560 1.340 1.190 1.040 0.990 0.820 
makespan 17.373 20.150 20.238 20.317 20.357 24.144 28.318 29.331 33.191 35.194 35.911 45.592 50.760 
HMBR Montage25_1.0
cost 4.680 4.160 3.120 2.600 2.480 2.200 1.710 1.640 1.360 1.120 0.920 0.730 0.720 0.680 0.660 0.620 0.580 0.560 
makespan 17.372 18.137 20.247 20.289 27.297 28.246 28.347 28.694 29.023 41.352 48.215 54.053 84.697 101.384 103.619 153.913 184.843 379.583 
MOELS Montage25_1.0
cost 4.680 4.160 2.600 2.080 1.840 1.560 1.360 1.320 1.230 1.080 1.050 0.950 0.900 0.800 0.760 0.710 0.680 0.640 0.580 0.560 
makespan 17.372 18.074 20.273 22.843 26.215 27.892 28.753 30.859 34.679 34.819 39.432 41.230 43.128 45.013 52.846 53.545 58.727 68.798 73.119 76.790 
MOHEFT Montage25_1.0
cost 2.880 2.360 2.120 1.880 1.640 1.510 1.360 1.080 0.800 0.680 
makespan 20.742 21.759 26.649 30.894 31.463 32.414 34.044 35.911 46.849 59.106 
RSGA2 Montage25_1.0
cost 4.680 4.160 3.640 3.120 2.600 2.360 2.080 1.840 1.560 1.360 1.320 1.080 1.070 0.920 0.840 0.730 0.680 0.660 0.630 0.580 0.560 
makespan 17.372 18.108 20.219 20.240 20.278 23.405 24.366 26.997 28.002 29.957 33.687 36.914 46.915 48.215 49.696 54.053 58.112 61.332 71.672 73.869 77.629 
EMS Montage50_1.0
cost 14.560 14.320 14.080 13.600 13.120 12.400 12.120 11.640 11.400 10.920 10.680 10.440 10.160 9.880 9.620 8.990 8.360 7.100 6.950 6.710 6.470 6.230 5.990 5.750 5.540 5.220 5.000 4.740 4.460 4.040 3.800 3.580 3.340 3.090 3.010 2.860 2.590 2.460 2.240 2.080 1.920 1.740 1.680 1.580 1.380 1.360 1.280 1.240 1.160 1.100 
makespan 20.022 22.761 22.803 22.803 22.864 22.897 22.908 22.931 22.948 22.953 22.977 22.979 23.000 25.937 27.958 28.179 28.222 28.332 28.937 30.373 33.765 33.932 33.983 34.060 36.852 37.834 40.567 42.411 42.439 42.561 44.340 49.488 50.403 54.650 56.273 71.180 77.942 78.671 84.694 90.789 96.886 102.969 110.534 112.883 118.906 218.470 230.390 559.125 589.150 635.800 
GRPHEFT Montage50_1.0
cost 14.560 14.040 13.520 13.000 12.480 11.960 11.440 10.920 10.400 9.880 9.360 8.840 8.320 7.800 7.280 6.760 6.240 5.720 5.200 4.680 4.460 4.310 3.940 3.640 3.420 3.120 2.900 2.600 2.380 2.080 1.860 1.560 
makespan 20.022 20.723 22.785 22.812 22.846 22.854 22.869 22.893 22.903 22.916 22.930 22.962 22.971 22.980 23.001 25.838 25.878 25.940 25.986 26.780 28.869 28.898 30.385 30.752 35.568 35.609 38.686 39.603 42.766 44.833 54.630 57.695 
HMBR Montage50_1.0
cost 14.560 14.040 13.000 11.440 7.280 7.240 6.960 6.640 5.280 4.720 3.640 3.610 3.120 2.640 2.340 2.200 2.100 2.060 1.800 1.790 1.780 1.740 1.680 1.600 1.540 1.460 1.400 1.300 1.280 1.200 
makespan 20.013 20.731 20.840 22.869 23.022 23.763 23.811 23.886 26.043 28.293 31.360 35.631 35.693 43.812 46.237 55.427 57.744 76.217 90.060 90.278 98.993 103.982 114.248 119.032 132.366 132.836 136.091 206.016 246.752 847.733 
MOELS Montage50_1.0
cost 14.560 14.040 13.520 13.000 12.480 11.960 11.440 10.920 10.400 9.880 9.360 8.840 8.320 7.440 7.280 7.080 6.760 6.400 6.320 6.000 5.800 5.520 5.240 4.960 4.720 4.310 4.070 3.790 3.640 3.550 3.400 3.120 2.950 2.800 2.540 2.410 2.270 2.180 2.020 1.940 1.820 1.720 1.590 1.580 1.530 1.400 1.360 1.320 1.240 1.200 
makespan 20.013 20.723 20.828 20.840 20.871 22.854 22.903 22.912 22.934 22.946 22.967 22.984 22.989 22.999 23.033 23.771 23.806 23.831 23.903 25.918 25.929 25.943 25.993 26.023 28.253 29.016 29.674 29.941 30.669 32.665 33.436 34.903 36.637 40.587 40.634 42.029 43.049 44.937 46.229 52.005 54.325 56.430 59.410 69.761 76.057 80.670 145.804 204.527 223.379 329.138 
MOHEFT Montage50_1.0
cost 14.560 13.520 11.440 7.840 6.400 5.520 4.480 3.690 2.720 2.520 1.960 1.860 1.820 1.520 1.420 
makespan 20.022 22.794 22.869 22.994 25.926 34.000 34.108 40.521 42.986 52.237 56.415 76.439 84.692 97.983 107.715 
RSGA2 Montage50_1.0
cost 14.560 14.040 13.520 13.000 12.480 11.960 11.720 11.200 10.960 10.480 10.240 9.720 9.200 8.920 8.400 8.160 7.720 7.320 6.920 6.520 6.280 5.760 5.200 4.720 4.440 4.160 3.640 3.260 3.160 2.860 2.560 2.320 2.020 1.700 1.690 1.510 1.420 1.340 1.240 1.220 1.200 1.190 1.140 1.100 1.080 
makespan 20.013 20.714 20.780 20.834 22.809 22.861 22.864 22.869 22.893 22.909 22.931 22.938 22.948 22.963 22.973 22.982 22.989 23.007 23.789 25.945 25.953 25.998 26.073 26.966 28.149 29.100 31.360 36.329 38.624 40.949 46.229 51.504 54.505 60.910 75.292 86.356 103.749 109.934 119.597 179.145 236.995 293.822 298.652 523.237 532.650 
EMS Montage100_1.0
cost 32.240 31.280 30.560 29.840 28.880 28.160 26.960 26.480 25.760 24.800 23.800 22.760 22.110 21.090 20.460 19.640 18.530 17.510 16.820 16.080 14.990 14.480 13.600 13.280 12.290 11.760 10.850 10.370 10.000 9.120 8.920 7.740 7.140 6.390 5.880 5.390 5.100 4.520 4.010 3.770 3.440 3.160 2.760 2.720 2.680 2.520 2.480 2.420 2.360 2.300 
makespan 24.360 27.140 27.164 27.173 27.192 27.248 27.248 27.249 27.266 27.269 27.301 27.318 32.347 32.407 32.423 32.513 32.554 32.576 32.579 32.591 36.508 36.625 36.649 43.014 43.091 56.472 57.504 70.950 76.660 77.167 82.816 90.967 92.335 94.562 108.895 117.797 140.289 152.363 179.957 220.601 234.257 271.109 292.951 478.910 512.665 539.670 1197.275 1247.462 1281.662 1349.175 
GRPHEFT Montage100_1.0
cost 32.240 31.720 31.200 30.680 30.160 29.640 29.120 28.600 28.080 27.560 27.040 26.520 26.000 25.480 24.960 24.440 23.920 23.400 22.880 22.360 21.840 21.320 20.800 20.280 19.760 19.240 18.720 18.200 17.680 17.160 16.640 16.120 15.600 15.080 14.560 14.040 13.520 13.000 12.480 11.960 11.440 10.920 10.400 10.180 10.030 9.660 9.360 9.140 8.840 8.470 8.250 7.950 7.580 7.280 7.060 6.760 6.390 6.170 5.870 5.500 5.200 4.980 4.680 4.310 4.090 3.790 
makespan 24.360 25.134 25.168 25.188 27.103 27.118 27.132 27.144 27.159 27.168 27.178 27.183 27.186 27.192 27.197 27.215 27.228 27.240 27.245 27.246 27.253 27.259 27.264 27.267 27.270 27.270 27.273 27.279 27.283 27.292 27.308 27.317 28.191 30.177 30.200 30.214 30.248 30.267 30.279 30.290 30.299 30.312 31.202 32.358 33.225 33.257 33.274 33.283 33.295 33.310 34.712 35.074 39.229 39.822 39.917 39.931 40.954 43.048 43.065 45.903 46.100 47.079 49.150 50.222 56.870 58.924 
HMBR Montage100_1.0
cost 32.240 31.720 31.200 30.680 23.920 17.160 16.120 16.080 15.360 15.080 8.940 6.760 6.340 5.940 5.920 5.880 5.660 4.200 3.640 3.580 3.480 3.360 3.220 3.180 3.020 2.800 2.680 2.660 2.400 
makespan 24.345 25.134 25.205 27.103 27.225 27.292 27.318 28.288 38.252 38.412 39.784 39.956 40.969 43.941 43.995 51.371 63.299 67.958 72.231 107.067 107.195 117.360 121.724 226.190 247.325 271.316 323.214 394.898 1798.900 
MOELS Montage100_1.0
cost 32.240 31.720 30.160 29.640 29.120 28.080 27.040 24.960 24.440 23.920 23.400 22.880 22.360 21.840 21.320 20.280 19.760 19.240 18.720 18.200 17.680 17.160 16.400 15.880 15.200 14.240 13.400 12.560 11.280 10.430 9.800 9.350 8.320 7.710 6.340 5.870 5.160 4.450 4.200 3.380 3.280 3.140 2.980 2.800 2.720 2.640 2.600 2.580 2.560 2.400 
makespan 24.345 25.134 27.160 27.186 27.190 27.191 27.211 27.228 27.238 27.251 27.252 27.258 27.259 27.266 27.269 27.275 27.283 27.291 27.299 27.306 27.307 27.327 27.933 28.220 30.216 30.260 30.291 30.318 30.379 32.601 33.270 33.297 36.330 39.162 42.759 43.325 48.471 58.037 67.012 73.752 152.572 161.720 207.887 271.190 289.667 324.817 354.559 413.519 484.901 1798.900 
MOHEFT Montage100_1.0
cost 17.280 16.760 15.880 13.920 11.680 11.160 9.790 8.970 7.930 7.430 5.350 5.270 4.930 4.780 4.190 3.470 2.950 2.860 2.820 2.670 
makespan 27.675 30.009 30.254 30.316 32.367 34.701 36.588 43.638 43.690 53.006 58.272 88.110 105.273 105.279 117.536 163.484 187.427 245.595 302.890 319.537 
RSGA2 Montage100_1.0
cost 32.240 31.720 31.200 30.440 29.440 28.680 28.200 27.720 26.960 26.880 25.600 25.080 24.560 23.800 23.320 21.760 20.680 19.840 19.040 18.000 17.680 16.920 16.120 14.640 14.120 13.360 12.760 12.240 11.630 10.960 10.720 9.920 9.120 8.600 7.800 7.040 6.410 5.630 5.360 4.840 4.320 4.080 3.600 3.440 3.400 3.160 3.110 2.880 2.800 2.680 2.660 2.650 2.600 2.570 2.520 2.500 2.420 2.380 2.340 2.300 
makespan 24.345 25.134 25.205 27.119 27.146 27.165 27.173 27.180 27.183 27.198 27.203 27.208 27.210 27.212 27.266 27.268 27.279 27.279 27.287 27.288 27.289 27.297 27.318 30.294 30.298 30.319 30.320 30.330 32.466 32.628 32.663 33.328 34.335 36.295 37.223 39.626 49.002 49.065 54.421 56.429 58.903 63.243 66.880 93.651 97.965 116.386 154.546 160.336 189.489 209.843 231.668 259.295 262.683 301.137 304.525 376.067 388.436 506.423 694.786 931.961 
EMS Sipht29_1.0
cost 15.120 14.040 13.960 13.240 13.160 13.120 11.600 
makespan 1259.692 1272.266 1276.206 2226.465 2233.361 2288.139 5566.163 
GRPHEFT Sipht29_1.0
cost 14.710 13.590 11.700 
makespan 1259.692 2204.462 5511.154 
HMBR Sipht29_1.0
cost 13.680 13.520 12.980 12.920 11.720 11.700 11.580 
makespan 1259.692 1702.716 1912.023 1913.547 5511.197 5517.425 5625.242 
MOELS Sipht29_1.0
cost 13.700 13.520 13.340 13.020 12.920 12.480 12.380 12.220 11.680 11.660 11.600 11.580 
makespan 1259.692 1702.716 1889.788 1912.012 1912.023 3328.185 3328.197 4150.625 5511.197 5517.424 5523.012 5625.074 
MOHEFT Sipht29_1.0
cost 13.680 13.440 13.360 13.020 12.900 12.890 12.630 12.480 12.360 12.220 12.180 11.900 11.660 
makespan 1259.692 1806.890 1809.591 1912.012 2259.973 3222.635 3327.728 3328.185 3719.282 4095.038 5197.052 5198.599 5569.487 
RSGA2 Sipht29_1.0
cost 13.620 13.520 13.380 13.260 13.020 12.980 12.920 12.820 12.790 12.720 12.680 12.640 12.550 12.510 12.480 12.440 12.380 12.330 12.280 12.260 12.220 12.140 12.110 12.040 11.950 11.880 11.780 11.650 11.600 11.580 
makespan 1259.692 1702.716 1806.718 1806.740 1912.012 1912.023 1913.547 2226.685 3222.463 3222.921 3326.638 3326.650 3327.728 3327.739 3328.185 3328.197 3329.720 3698.179 3698.724 3713.390 4095.038 4426.240 5038.631 5039.088 5143.895 5144.353 5509.607 5510.697 5511.242 5583.770 
EMS Sipht58_1.0
cost 29.600 28.520 27.720 27.620 27.540 26.960 26.880 26.540 26.480 26.460 26.280 24.500 24.480 24.400 24.380 24.340 
makespan 1325.635 1739.943 2319.861 3170.748 3173.246 3699.845 3702.344 3747.928 3949.532 3952.685 4865.202 5799.653 7429.132 7435.379 11517.437 14451.384 
GRPHEFT Sipht58_1.0
cost 28.710 28.430 24.500 
makespan 2319.861 2323.431 5799.653 
HMBR Sipht58_1.0
cost 29.140 29.060 28.960 28.620 28.520 28.040 27.920 27.720 27.600 26.540 25.940 25.640 25.340 24.800 24.500 24.440 24.420 24.400 24.360 
makespan 1325.635 1329.828 1410.189 1606.477 1613.424 1710.699 1859.861 2424.044 2611.081 3044.870 3573.867 3593.882 4818.257 4867.097 5819.827 5866.111 5870.935 14154.387 14278.707 
MOELS Sipht58_1.0
cost 29.140 29.060 29.040 28.880 28.800 28.720 28.640 28.300 28.040 28.000 27.840 27.760 27.680 27.580 27.560 27.540 26.860 26.640 26.540 26.420 26.060 25.980 25.880 25.860 25.560 25.400 25.320 25.220 25.140 25.120 24.700 24.420 24.400 24.360 24.340 
makespan 1325.635 1325.657 1341.961 1353.568 1360.514 1410.189 1410.747 1606.477 1710.699 1808.893 1840.268 1841.244 2319.891 2329.592 2336.361 2547.524 2611.081 2898.455 3043.894 3224.085 3347.153 3351.199 3542.468 3573.836 3593.882 4461.234 4468.963 4600.597 4602.017 4616.749 4816.852 5799.653 5814.824 5864.077 5900.181 
MOHEFT Sipht58_1.0
cost 29.220 29.060 28.660 28.300 27.920 27.640 27.160 26.720 26.540 26.460 25.940 25.720 25.380 24.800 24.780 24.420 
makespan 1325.635 1339.257 1606.477 1912.350 2167.310 2442.563 2627.443 3043.894 3270.525 3572.844 3573.836 4246.554 4657.532 4816.852 5798.276 5810.896 
RSGA2 Sipht58_1.0
cost 29.140 29.060 28.720 28.560 28.380 28.240 28.180 28.040 27.840 27.700 27.500 27.440 27.380 27.260 27.180 27.100 27.020 26.820 26.740 26.700 26.640 26.540 26.420 26.380 26.220 26.160 26.100 25.980 25.960 25.940 25.840 25.640 25.480 25.250 25.130 25.100 25.000 24.910 24.800 24.750 24.720 24.630 24.480 24.460 24.400 
makespan 1325.635 1328.627 1410.189 1539.410 1606.477 1668.577 1669.950 1740.557 1840.268 2319.531 2319.891 2334.714 2400.855 2401.273 2417.612 2419.341 2427.683 2741.552 2742.110 2786.010 2939.648 3043.894 3044.811 3088.711 3240.133 3375.871 3382.698 3542.468 3572.860 3573.836 3592.087 3592.505 4405.340 4527.396 4592.029 4599.248 4600.643 4640.354 4816.852 5558.581 5574.888 5623.213 5799.653 5801.360 5811.924 
EMS Sipht97_1.0
cost 44.200 43.680 43.640 43.400 43.120 42.880 42.000 41.720 41.440 41.160 40.860 39.800 38.820 38.720 38.620 38.340 38.260 36.500 36.400 36.300 36.280 36.260 
makespan 1278.562 1305.968 1666.866 1668.998 1675.188 1678.844 2092.765 2237.484 2255.343 2928.736 3213.709 3711.180 4395.425 4407.356 4431.585 5195.875 5318.345 5671.224 7542.294 12293.223 16919.299 19317.314 
GRPHEFT Sipht97_1.0
cost 42.150 42.000 36.700 36.600 
makespan 2237.484 2254.609 5593.711 5636.522 
HMBR Sipht97_1.0
cost 43.570 43.320 43.290 43.080 43.040 42.560 42.190 42.120 41.920 41.640 41.510 41.400 41.010 40.020 39.780 39.060 38.880 38.440 36.680 36.400 36.320 
makespan 1278.562 1278.926 1280.433 1281.145 1288.834 1532.363 1733.247 1850.975 1858.458 1868.140 2029.217 2047.633 2237.512 2735.826 3117.657 3214.713 3533.399 4095.274 5055.646 5593.752 6289.580 
MOELS Sipht97_1.0
cost 43.200 43.120 42.960 42.880 42.830 42.760 42.200 42.080 41.880 41.680 41.600 41.560 41.440 41.320 41.240 40.750 40.710 40.520 40.440 40.240 40.100 40.020 39.940 39.860 39.840 39.720 39.620 39.460 39.120 38.960 38.880 38.720 38.480 38.460 38.240 38.120 38.080 37.900 37.860 37.580 37.400 37.320 37.180 37.000 36.600 36.440 36.400 36.320 36.300 36.240 
makespan 1278.562 1284.341 1288.812 1314.464 1498.513 1550.198 1561.284 1617.479 1639.159 1639.187 1639.936 1857.345 1859.205 2019.356 2035.856 2237.512 2273.110 2335.362 2337.962 2671.806 2729.872 2732.425 2735.826 2739.910 2782.019 2921.108 3028.868 3058.018 3096.435 3130.060 3147.289 3342.343 3657.186 3659.135 3660.271 3672.990 3677.931 3910.496 3984.145 4241.701 4580.129 4587.251 4604.329 5048.433 5078.234 5436.110 5479.053 5593.752 5603.741 5634.961 
MOHEFT Sipht97_1.0
cost 43.280 43.000 42.600 41.680 41.240 40.680 39.420 39.340 39.220 38.740 38.700 38.520 38.360 37.960 37.560 37.520 37.000 36.920 36.790 36.320 
makespan 1372.429 1586.066 1621.774 1954.818 2237.484 2282.812 3032.881 3033.298 3301.476 3342.343 3802.260 4282.951 4290.403 4366.646 4604.323 5076.827 5080.059 5081.620 5593.436 5651.851 
RSGA2 Sipht97_1.0
cost 43.270 43.110 43.040 42.960 42.920 42.760 42.600 42.480 42.420 42.360 42.020 41.980 41.800 41.640 41.580 41.470 41.320 40.980 40.740 40.690 40.540 40.500 40.300 40.180 40.100 40.020 39.960 39.830 39.760 39.620 39.550 39.410 39.370 39.330 39.210 39.130 39.020 38.850 38.810 38.720 38.320 38.110 38.040 37.900 37.800 37.700 37.640 37.570 37.340 37.210 37.140 37.050 36.980 36.950 36.880 36.820 36.680 36.520 36.400 36.320 
makespan 1278.562 1281.513 1311.547 1312.628 1450.858 1451.233 1491.372 1493.214 1495.436 1562.727 1639.159 1832.080 1852.204 1868.140 2021.624 2023.591 2041.283 2313.133 2321.531 2322.307 2325.343 2595.855 2671.806 2719.434 2729.840 2735.826 2773.006 2773.631 2773.858 3032.881 3034.171 3034.691 3155.348 3233.125 3301.504 3320.015 3343.180 3348.132 3499.090 3531.605 3982.572 4112.900 4137.078 4265.293 4341.244 4341.271 4582.317 4582.544 4604.323 4616.982 4639.147 4658.413 4658.711 4922.958 4927.560 5050.714 5051.053 5592.747 5593.752 6286.061 
