# HMBR, CyberShake_30_1.0, runtime: 0.232747
makespan: 146.577 146.766 147.006 153.542 159.011 166.68 168.251 176.966 345.14 358.963 507.688 697.45 
cost: 2.92 2.64 2.6 2.4 2.36 2.23 2.12 2.08 2.04 2.02 1.94 1.84 
# HMBR, CyberShake_30_1.0, runtime: 0.230432
makespan: 146.577 149.603 153.174 153.542 165.887 166.223 168.194 345.14 446.601 454.584 507.688 722.866 796.709 
cost: 2.92 2.64 2.6 2.4 2.27 2.23 2.12 2.04 2.03 2.02 1.94 1.84 1.78 
# HMBR, CyberShake_30_1.0, runtime: 0.231755
makespan: 146.577 153.542 166.209 168.206 176.849 285.898 342.673 359.338 507.688 731.726 753.513 
cost: 2.92 2.4 2.23 2.12 2.08 2.05 1.99 1.98 1.94 1.82 1.8 
# HMBR, CyberShake_30_1.0, runtime: 0.230292
makespan: 146.577 146.957 153.542 161.429 165.76 168.251 179.66 345.14 507.688 684.312 741.909 
cost: 2.92 2.6 2.4 2.36 2.23 2.12 2.08 2.04 1.94 1.84 1.81 
# HMBR, CyberShake_30_1.0, runtime: 0.228069
makespan: 146.577 146.772 147.234 153.542 167.943 168.303 176.849 342.232 446.701 507.688 831.937 
cost: 2.92 2.64 2.6 2.4 2.23 2.12 2.08 2.04 1.98 1.94 1.78 
# HMBR, CyberShake_50_1.0, runtime: 0.506475
makespan: 159.36 169.66 181.023 182.998 187.496 233.906 239.936 419.078 496.67 538.7 582.633 763.667 853.136 
cost: 4.16 3.64 3.56 3.43 3.4 3.37 3.35 3.23 3.21 3.1 3.06 3.05 2.99 
# HMBR, CyberShake_50_1.0, runtime: 0.507962
makespan: 170.283 179.715 181.289 189.1 194.05 499.877 529.187 537.754 546.476 746.141 842.891 851.936 
cost: 3.64 3.55 3.51 3.42 3.35 3.22 3.19 3.05 3.04 3.01 2.99 2.97 
# HMBR, CyberShake_50_1.0, runtime: 0.503182
makespan: 159.354 169.871 179.809 193.23 419.628 442.163 498.37 535.75 539.85 851.936 1633.43 
cost: 4.68 3.64 3.4 3.35 3.34 3.33 3.14 3.08 3.05 3.01 2.99 
# HMBR, CyberShake_50_1.0, runtime: 0.505421
makespan: 167.463 169.689 169.703 174.697 182.018 195.703 236.518 258.044 315.123 499.337 500.085 533.812 581.391 597.025 987.563 
cost: 4.16 4 3.64 3.55 3.43 3.4 3.37 3.35 3.31 3.24 3.19 3.1 3.06 3.04 2.98 
# HMBR, CyberShake_50_1.0, runtime: 0.506888
makespan: 167.56 181.105 189.44 232.97 413.266 499.877 527.112 527.975 534.775 539.575 582.293 582.633 598.262 669.1 
cost: 3.64 3.48 3.42 3.37 3.34 3.22 3.2 3.14 3.12 3.11 3.1 3.06 3.03 2.92 
# HMBR, CyberShake_100_1.0, runtime: 3.35054
makespan: 197.136 198.515 201.883 208.016 209.068 209.54 211.103 211.804 212.446 212.78 222.843 231.037 233.537 237.986 243.135 286.4 315.528 350.39 431.322 456.567 471.46 529.439 600.892 612.891 631.626 657.525 725.055 
cost: 7.7 7.47 7.12 7.06 6.91 6.84 6.76 6.58 6.45 6.32 6.21 5.96 5.86 5.8 5.72 5.64 5.57 5.45 5.4 5.34 5.29 5.19 5.15 5.14 5.11 4.95 4.93 
# HMBR, CyberShake_100_1.0, runtime: 3.35343
makespan: 194.077 194.268 199.345 204.043 207.871 213.376 219.697 221.35 223.533 233.7 234.417 248.696 286.047 379.694 426.873 435.538 446.922 456.567 471.46 557.312 602.857 
cost: 8.08 7.27 7.06 6.62 6.32 6.3 6.27 6.08 6.06 5.89 5.82 5.71 5.61 5.57 5.55 5.52 5.46 5.34 5.29 5.24 5 
# HMBR, CyberShake_100_1.0, runtime: 3.37295
makespan: 197.25 201.69 207.209 212.058 216.923 218.489 226.94 231.519 234.42 238.609 239.328 290.458 329.294 423.811 446.922 456.567 471.46 550.148 593.713 612.861 660.298 719.837 
cost: 7.94 6.82 6.49 6.17 6.15 6.09 6.07 5.96 5.92 5.86 5.76 5.64 5.55 5.48 5.46 5.34 5.29 5.25 5.22 5.15 5.04 5.02 
# HMBR, CyberShake_100_1.0, runtime: 3.40859
makespan: 193.657 197.919 200.997 203.393 209.149 211.654 215.323 222.227 231.016 232.46 233.132 238.089 241.164 244.899 253.554 275.752 290.458 299.769 426.582 446.922 456.567 471.46 596.685 603.271 647.877 
cost: 8.23 7.42 7.12 6.52 6.45 6.36 6.3 6.14 6.11 6.1 5.93 5.89 5.87 5.86 5.72 5.7 5.64 5.58 5.48 5.46 5.34 5.29 5.28 5.02 4.99 
# HMBR, CyberShake_100_1.0, runtime: 3.33244
makespan: 197.244 200.324 209.515 210.249 214.344 216.743 221.986 230.477 235.871 238.763 245.704 254.243 280.323 290.458 309.959 367.989 412.393 424.673 456.567 471.46 548.301 592.084 600.279 698.277 772.579 
cost: 7.34 6.9 6.47 6.3 6.28 6.25 6.1 5.81 5.79 5.78 5.75 5.73 5.71 5.64 5.56 5.53 5.52 5.42 5.34 5.29 5.24 5.18 5.08 5.01 4.99 
# HMBR, Epigenomics_24_1.0, runtime: 0.14553
makespan: 1594.59 1609.66 1709.11 1716.23 1915.57 1986.47 2176.99 2433.93 2577.94 2958.38 3087.53 3563.56 3858.04 3920.91 5880.12 7106.17 10150.5 13565.5 22212 
cost: 45.4 45.24 45.16 44.87 44.84 44.76 44 43.24 43.12 42.6 42.52 42.16 41.88 41.46 40.56 37.26 37.18 37.02 37 
# HMBR, Epigenomics_24_1.0, runtime: 0.152377
makespan: 1594.59 1607.67 1644.04 1709.11 1733.82 1921.12 2182.69 2645.7 2704.44 2940.08 3563.56 3858.04 3928.02 5880.12 7106.17 10150.5 13565.5 22212 
cost: 45.4 45.24 45.23 45.16 44.88 44.84 44.08 43.12 42.84 42.24 42.16 41.88 41.54 40.56 37.26 37.18 37.02 37 
# HMBR, Epigenomics_24_1.0, runtime: 0.146861
makespan: 1594.59 1608.73 1696.2 1705.72 1974.64 2104.91 2105.55 2448.12 2945.3 3087.53 3563.56 3858.04 3881.23 5880.12 5996.55 7089.04 10150.5 13565.5 22212 
cost: 45.4 45.24 45.23 44.87 44.84 44.64 44 43.24 42.6 42.52 42.16 41.88 41.46 40.56 39.58 37.26 37.18 37.02 37 
# HMBR, Epigenomics_24_1.0, runtime: 0.145774
makespan: 1594.59 1607.67 1703.36 2088.24 2110.89 2183.1 2299.01 2623.72 2642.8 2956.65 3563.56 3858.04 3915.14 5434.81 7099.62 10150.5 13565.5 22212 
cost: 45.4 45.24 44.87 44.84 44.76 44.44 44.2 42.84 42.6 42.24 42.16 41.88 41.46 38.7 37.26 37.18 37.02 37 
# HMBR, Epigenomics_24_1.0, runtime: 0.145642
makespan: 1594.59 1607.67 1644.04 1709.11 1903.6 2019.51 2189.73 2577.94 2931.62 3563.56 3858.04 5422.84 7104.96 10150.5 13565.5 22212 
cost: 45.4 45.24 45.23 45.16 44.83 44.76 44.08 42.6 42.32 42.16 41.88 40.38 37.26 37.18 37.02 37 
# HMBR, Epigenomics_47_1.0, runtime: 0.48376
makespan: 2208.07 2223.67 2506.41 2512.33 2902.24 3229.26 3655.47 4005.34 4341.36 6748.21 6902.69 8585.23 9810.7 39511.7 51673.4 
cost: 103.54 103.28 102.48 102.44 100.26 99.34 98.74 98.22 97.04 92.44 90.92 90.24 86.88 86.56 86.48 
# HMBR, Epigenomics_47_1.0, runtime: 0.484541
makespan: 2208.07 2223.11 2497.34 2517.53 2752.34 2866.76 2925.38 2978.48 3650.98 3655.47 4005.34 4075.61 6550.55 6704.17 8585.23 8613.36 9770.7 39511.7 51673.4 
cost: 103.54 103.28 102.9 102.47 102.04 101.54 101.2 100.68 99.3 98.74 98.22 98.16 93.12 91 90.24 89.18 86.7 86.56 86.48 
# HMBR, Epigenomics_47_1.0, runtime: 0.481371
makespan: 2208.07 2222.83 2459.23 2496.16 2524.01 3284.53 3655.47 4005.34 4035.83 4380.12 6668.07 8585.23 9794.33 39511.7 51673.4 
cost: 103.54 103.28 102.97 102.88 102.58 100.18 98.74 98.22 97.8 96.76 93.7 90.24 86.7 86.56 86.48 
# HMBR, Epigenomics_47_1.0, runtime: 0.48478
makespan: 2208.07 2222.69 2492.61 2537.36 2753.88 2993.5 3207.14 3655.47 4005.34 6559.7 8550.57 8555.68 9774.13 39511.7 51673.4 
cost: 103.54 103.28 102.52 102.46 101.64 100.42 100.16 98.74 98.22 94.62 90.6 88.62 86.7 86.56 86.48 
# HMBR, Epigenomics_47_1.0, runtime: 0.483766
makespan: 2208.07 2222.95 2518.54 2531.03 2863.98 2903.91 3655.47 4005.34 5448.81 6949.62 8585.23 8603.56 9774.99 39511.7 51673.4 
cost: 103.54 103.28 102.88 102.51 101.24 100.82 98.74 98.22 94.96 92.62 90.24 88.54 86.7 86.56 86.48 
# HMBR, Epigenomics_100_1.0, runtime: 1.97633
makespan: 8535.21 8537.11 8565.69 8672.74 8672.87 8677.4 8906.35 8941.3 9204.43 9807.86 10157.2 10639.9 10936.9 11816.4 13766.1 15895.9 19598.4 25153.2 30901.2 31396.6 37431.7 122275 504227 504230 
cost: 995.31 995.16 993 992.56 991.16 990.88 988.56 986.75 986.74 984.46 977.5 977.34 974.78 967.1 961.38 948.2 938.6 931.82 898.98 860.06 841.64 841.16 840.62 840.46 
# HMBR, Epigenomics_100_1.0, runtime: 1.94299
makespan: 8535.21 8540.46 8565.69 8674.41 8677.4 8900 8937.72 8966.65 9638.99 9959.75 10161.8 11865.1 15895.9 19658.4 25153.2 30901.2 31240.3 37469.9 122275 504227 504230 
cost: 995.31 995.16 993 991.16 990.88 988.84 988.71 986.75 984.86 982.46 978.02 971.78 948.2 937.68 931.82 898.98 889.94 841.74 841.16 840.62 840.46 
# HMBR, Epigenomics_100_1.0, runtime: 1.92735
makespan: 8535.21 8539.96 8565.69 8672.3 8675.09 8903.53 8948.5 10152.1 10966.6 11865.1 13665.1 15895.9 25153.2 30901.2 31377 37635.7 122275 504227 504230 
cost: 995.31 995.16 993 991.16 990.88 990.52 988.82 977.5 974.78 971.78 949.38 948.2 931.82 898.98 875.4 841.74 841.16 840.62 840.46 
# HMBR, Epigenomics_100_1.0, runtime: 1.92423
makespan: 8535.21 8540.51 8540.73 8565.81 8673.34 8673.67 8904.26 8926.71 8970.87 9199.89 10331.6 10913.4 11820.1 13663.1 14723.3 15895.9 25153.2 28605.8 37464.8 122275 504227 504230 
cost: 995.31 995.26 995.16 993 992.84 990.88 990.48 988.84 986.78 984.79 984.54 978.7 964.1 962.02 953.88 948.2 931.82 893.06 841.74 841.16 840.62 840.46 
# HMBR, Epigenomics_100_1.0, runtime: 1.9313
makespan: 8535.21 8540.4 8565.69 8671.71 8671.83 8677.4 8900.74 8927.88 9951.1 10641.1 11811.3 11865.1 12554.6 15895.9 19647.9 30901.2 31430 37431.1 122275 504227 504230 
cost: 995.31 995.16 993 992.56 991.16 990.88 990.76 986.8 978.22 977.66 971.86 971.78 958.14 948.2 930.38 898.98 873.52 841.74 841.16 840.62 840.46 
# HMBR, Inspiral_30_1.0, runtime: 0.388525
makespan: 381.48 381.596 383.004 386.998 400.731 461.125 535.223 538.621 543.204 562.128 565.349 618.883 655.96 775.102 1018.49 1097.25 1106.69 1212.41 1540.67 1715.92 1722.78 2009.63 2493.36 2858.63 
cost: 19.24 18.35 18.15 17.74 17.48 17.42 17.38 17.34 17.1 17.06 17 16.89 16.88 16.24 16.08 15.74 15.64 15.56 15.3 14.76 14.58 14.48 14.18 14.04 
# HMBR, Inspiral_30_1.0, runtime: 0.383034
makespan: 381.48 381.606 383.004 394.412 399.765 403.763 507.194 562.763 615.142 727.143 775.102 1008.69 1097.25 1107.65 1485.44 1540.67 1715.92 1745.5 2277.43 2493.36 2858.63 
cost: 19.24 18.48 18.3 17.7 17.6 17.58 16.98 16.9 16.7 16.28 16.24 16.06 15.74 15.68 15.32 15.3 14.76 14.42 14.2 14.18 14.04 
# HMBR, Inspiral_30_1.0, runtime: 0.379662
makespan: 381.482 381.49 381.596 384.601 386.809 390.698 403.528 516.785 562.597 604.131 618.006 679.377 775.102 1097.25 1107.65 1305.88 1354.65 1525.25 2180.42 2493.36 2858.63 6860.31 
cost: 22.36 19.24 18.4 18.35 17.91 17.88 17.63 17.18 17.1 17.08 16.86 16.68 16.24 15.74 15.68 15.42 15.26 14.76 14.7 14.18 14.04 14 
# HMBR, Inspiral_30_1.0, runtime: 0.380375
makespan: 381.48 381.596 394.247 394.662 396.365 405.008 535.223 560.343 602.623 775.102 1025.73 1097.25 1107.65 1400.38 1540.67 1692.35 2182.33 2493.36 2858.63 
cost: 19.24 18.15 18.1 17.91 17.8 17.56 17.38 17.06 16.68 16.24 16.04 15.74 15.68 15.6 15.3 14.58 14.28 14.18 14.04 
# HMBR, Inspiral_30_1.0, runtime: 0.376505
makespan: 381.49 381.596 403.514 440.469 442.161 448.655 567.604 615.474 618.883 631.063 771.411 775.102 1008.82 1097.25 1107.65 1213.54 1337.97 1363.89 1522.34 1715.92 2123.63 2493.36 2858.63 
cost: 19.24 17.88 17.58 17.42 17.24 17.22 17.18 16.9 16.89 16.84 16.58 16.24 16.06 15.74 15.68 15.56 15.44 15.32 15.06 14.76 14.42 14.18 14.04 
# HMBR, Inspiral_50_1.0, runtime: 1.05802
makespan: 403.086 403.088 403.336 406.035 439.656 552.457 599.71 599.74 652.371 703.866 774.655 800.455 818.303 1147.34 1279.29 1341.77 1511.51 1620.31 1657.56 1697.8 1740.44 1773.9 1889.8 2057.2 3098.91 8928.89 13063 13108.4 
cost: 35.36 34.27 34.12 33.08 32.82 32.12 32 31.72 30.42 29.84 29.46 29.4 29.23 28.26 28.04 27.84 27.5 27.46 26.84 26.7 26.42 25.88 25.66 25.56 25.2 24.92 24.84 24.72 
# HMBR, Inspiral_50_1.0, runtime: 1.05399
makespan: 403.086 403.088 403.095 403.097 406.035 483.058 560.063 652.371 703.866 735.621 951.906 955.343 1147.34 1339.75 1341.77 1620.31 1657.56 1697.8 1740.44 1749.12 1845.42 2214.5 3098.91 8928.89 13063 13766 
cost: 36.4 35.8 34.84 34.12 33.08 32.84 31.16 30.42 29.84 29.34 29.16 29.04 28.26 28.12 27.84 27.46 26.84 26.7 26.42 26.3 25.52 25.44 25.2 24.92 24.84 24.76 
# HMBR, Inspiral_50_1.0, runtime: 1.05222
makespan: 403.088 403.095 403.097 404.584 406.035 483.058 508.052 599.71 599.74 627.509 703.866 882.285 959.283 1147.34 1339.75 1341.77 1392.05 1493.95 1657.56 1697.8 1740.44 1820.04 2033.42 3098.91 8928.89 12865.3 
cost: 35.17 34.84 34.32 34.12 33.08 32.84 32.2 32 31.72 30.32 29.84 29.46 28.82 28.26 28.12 27.84 27.62 27.06 26.84 26.7 26.42 26.22 25.54 25.2 24.92 24.82 
# HMBR, Inspiral_50_1.0, runtime: 1.05029
makespan: 403.086 403.088 403.095 403.333 404.584 406.035 483.058 554.594 555.349 561.74 599.74 632.976 652.371 695.386 703.866 788.77 819.745 878.276 886.155 915.687 1147.34 1339.75 1341.77 1477.5 1657.56 1697.8 1740.44 1773.86 2057.2 3098.91 8928.89 12546.4 
cost: 35.88 35.44 34.84 34.32 34.12 33.08 32.84 32.28 32.12 31.84 31.72 31.68 30.42 30.25 29.84 29.76 29.72 29.58 29.36 29.21 28.26 28.12 27.84 27.04 26.84 26.7 26.42 25.68 25.56 25.2 24.92 24.82 
# HMBR, Inspiral_50_1.0, runtime: 1.05505
makespan: 403.086 403.088 406.035 483.058 560.097 599.71 599.74 652.371 685.977 703.866 782.231 814.336 946.957 1147.34 1252.88 1278.57 1495.05 1657.56 1697.8 1740.44 2057.2 3098.91 8928.89 12944.1 
cost: 34.84 34.12 33.08 32.84 32.44 32 31.72 30.42 30.3 29.84 29.54 29.4 29.14 28.26 27.96 27.82 27.34 26.84 26.7 26.42 25.56 25.2 24.92 24.82 
# HMBR, Inspiral_100_1.0, runtime: 4.94203
makespan: 380.789 380.796 380.854 381.103 393.33 438.677 439.521 453.287 486.852 500.08 510.236 534.812 568.725 601.536 619.912 631.657 674.155 716.497 847.541 910.179 1026.87 1175.5 1297.83 1492.62 2436.1 5104.34 20849.8 21959 
cost: 64.08 63.04 62.1 60.66 59.45 59.02 58.64 58.29 57.91 57.88 56.72 56.46 56.1 55.56 55.53 55.15 53.44 53.32 52.78 52.43 51.06 51.04 49.92 47.92 45.38 45.14 44.62 44.34 
# HMBR, Inspiral_100_1.0, runtime: 4.96671
makespan: 380.791 380.854 381.041 381.103 385.345 387.953 435.793 441.081 449.37 473.983 483.585 490.52 492.589 512.177 557.65 569.894 617.099 619.855 646.875 685.612 721.776 902.517 902.651 1041.52 1169.32 1237.7 1410.04 1579.8 1721.24 2747.92 21959 23702.2 
cost: 62.96 62.64 62.48 61.4 60.94 60.5 59.82 59.52 58 57.67 57.63 56.8 56.4 55.96 55.66 55.51 55.34 54.42 53.86 53.44 53.42 52.52 51.99 51.23 51.08 50.44 48.9 48.7 47.3 45.1 44.34 44.24 
# HMBR, Inspiral_100_1.0, runtime: 4.94534
makespan: 380.789 380.796 380.854 381.124 381.373 385.039 430.473 435.108 448.144 453.145 461.195 489.299 496.694 510.091 550.699 556.175 561.166 583.477 654.331 716.572 782.198 783.366 984.823 1169.32 1216.15 1249.66 1419.06 1658.34 2261.53 5104.34 18260.6 
cost: 63.86 63.56 62.12 62.05 61.53 60.69 60.15 59.42 59.14 58.66 58.44 57.72 57.62 57.02 56.25 56.14 55.62 54.26 54.19 53.75 53.49 53.44 51.52 51.08 50.56 49.5 48.36 47.3 45.78 45.14 44.22 
# HMBR, Inspiral_100_1.0, runtime: 4.92937
makespan: 380.789 380.791 381.108 382.025 384.983 386.423 388.092 404.798 435.675 445.008 450.197 493.138 518.11 550.11 552.553 560.751 571.644 615.851 628.789 631.381 683.383 832.985 969.943 1019.88 1169.32 1365.86 1401.28 1715.52 1896.46 2561.88 5104.34 21959 23583.9 
cost: 64.6 62.48 62.32 61.96 61.43 61.33 60.29 59.84 59.55 58.74 58.63 57.11 56.8 56.02 55.98 55.71 55.64 55.2 54.96 54.39 53.44 52.77 52.56 51.1 51.08 50.8 48.8 47.76 47.1 45.46 45.14 44.34 44.3 
# HMBR, Inspiral_100_1.0, runtime: 5.07208
makespan: 380.791 380.793 380.796 380.854 381.701 381.776 382.328 383.942 390.253 439.151 489.71 490.685 506.064 531.534 534.611 616.579 630.837 729.146 820.929 862.416 979.434 1073.74 1169.32 1365.86 1437.48 1660.81 1749.51 3007.24 5104.34 18358.7 21959 
cost: 63.96 63.88 63.24 62.48 62.45 62.16 61.95 61.63 59.52 58.99 58.2 58.1 56.26 55.85 55.62 54.58 53.47 52.69 52.51 52.47 51.71 51.12 51.08 50.8 50.14 49.62 47.02 45.2 45.14 44.6 44.34 
# HMBR, Montage_25_1.0, runtime: 0.248785
makespan: 17.3724 18.074 20.2402 20.3408 27.2339 28.2457 28.3468 28.694 29.8116 41.3855 48.2154 54.0533 73.2564 73.7249 379.583 
cost: 4.68 4.16 3.64 2.6 2.48 2.2 1.71 1.64 1.36 1.12 0.92 0.73 0.71 0.58 0.56 
# HMBR, Montage_25_1.0, runtime: 0.249563
makespan: 17.3725 18.0741 20.2876 20.3408 27.3989 28.2457 28.3468 28.694 30.1568 41.3855 48.0482 49.6436 54.0533 73.5025 379.583 
cost: 4.68 4.16 3.64 2.6 2.48 2.2 1.71 1.64 1.36 1.12 0.92 0.91 0.73 0.58 0.56 
# HMBR, Montage_25_1.0, runtime: 0.248048
makespan: 17.3725 18.1369 20.3408 27.2821 28.2457 28.3468 28.6426 41.3855 48.2154 50.8337 54.0533 72.8696 103.619 155.295 379.583 
cost: 4.68 4.16 2.6 2.48 2.2 1.71 1.36 1.12 0.92 0.84 0.73 0.68 0.66 0.58 0.56 
# HMBR, Montage_25_1.0, runtime: 0.247406
makespan: 17.3725 18.1369 20.2217 20.3012 28.1514 28.3468 28.694 29.9428 41.3855 48.2154 54.0533 77.5785 197.84 379.583 
cost: 4.68 4.16 3.64 2.6 2.2 1.71 1.64 1.36 1.12 0.92 0.73 0.64 0.58 0.56 
# HMBR, Montage_25_1.0, runtime: 0.248801
makespan: 17.3724 18.1369 20.2471 20.289 27.2965 28.2457 28.3468 28.694 29.0226 41.3516 48.2154 54.0533 84.6975 101.384 103.619 153.913 184.843 379.583 
cost: 4.68 4.16 3.12 2.6 2.48 2.2 1.71 1.64 1.36 1.12 0.92 0.73 0.72 0.68 0.66 0.62 0.58 0.56 
# HMBR, Montage_50_1.0, runtime: 1.24911
makespan: 20.0134 20.7314 20.84 22.8686 23.0163 23.0218 23.8371 23.8857 31.3601 35.6306 35.6934 43.7021 46.2371 55.4272 57.7442 76.3452 90.4445 90.819 114.248 127.573 132.735 132.836 136.091 205.934 260.076 847.733 
cost: 14.56 14.04 13 11.44 7.52 7.28 7.24 6.64 3.64 3.61 3.12 2.64 2.34 2.2 2.1 2.06 1.8 1.75 1.68 1.66 1.62 1.46 1.4 1.32 1.28 1.2 
# HMBR, Montage_50_1.0, runtime: 1.24516
makespan: 20.0133 20.7057 20.8113 20.84 22.8686 22.9934 23.0218 23.8086 23.8314 23.8857 31.3601 35.6306 35.6934 36.7287 43.8119 46.2371 52.4051 86.0931 90.587 98.7655 132.546 132.836 136.091 247.275 259.726 847.733 
cost: 14.56 14.04 13.52 13 11.44 7.52 7.28 7.24 6.96 6.64 3.64 3.61 3.12 3.05 2.64 2.34 2.06 1.68 1.62 1.6 1.54 1.46 1.4 1.32 1.28 1.2 
# HMBR, Montage_50_1.0, runtime: 1.24843
makespan: 20.0133 20.7314 20.84 22.8686 22.9719 23.0218 23.7628 23.8857 31.3601 35.6306 35.6934 43.777 45.8471 46.2371 55.4272 57.7442 86.0225 87.5432 132.455 132.836 136.091 206.292 243.404 259.587 847.733 
cost: 14.56 14.04 13 11.44 10.4 7.28 7.24 6.64 3.64 3.61 3.12 2.64 2.54 2.34 2.2 2.1 1.76 1.56 1.54 1.46 1.4 1.36 1.32 1.28 1.2 
# HMBR, Montage_50_1.0, runtime: 1.24782
makespan: 20.0134 20.7314 20.82 20.84 22.8686 23.0036 23.0218 23.7486 23.8543 23.8857 31.3601 35.6306 35.6934 43.7624 46.2371 52.4751 90.4479 90.4788 127.573 132.778 132.836 136.091 247.275 257.979 847.733 
cost: 14.56 14.04 13.52 13 11.44 7.52 7.28 7.24 6.96 6.64 3.64 3.61 3.12 2.64 2.34 2.04 1.86 1.68 1.66 1.62 1.46 1.4 1.32 1.28 1.2 
# HMBR, Montage_50_1.0, runtime: 1.24666
makespan: 20.0133 20.7314 20.84 22.8686 23.0218 23.7628 23.8113 23.8857 26.0432 28.2934 31.3601 35.6306 35.6934 43.8119 46.2371 55.4272 57.7442 76.2172 90.0603 90.2776 98.9929 103.982 114.248 119.032 132.366 132.836 136.091 206.016 246.752 847.733 
cost: 14.56 14.04 13 11.44 7.28 7.24 6.96 6.64 5.28 4.72 3.64 3.61 3.12 2.64 2.34 2.2 2.1 2.06 1.8 1.79 1.78 1.74 1.68 1.6 1.54 1.46 1.4 1.3 1.28 1.2 
# HMBR, Montage_100_1.0, runtime: 7.73011
makespan: 24.3449 25.1339 25.2053 25.2596 27.2255 27.2924 27.3184 28.2881 38.6454 39.7924 39.8388 39.9556 40.9688 51.3706 63.2994 67.9583 72.2312 101.876 117.36 165.553 226.19 247.325 267.023 271.376 293.553 323.214 391.136 1798.9 
cost: 32.24 31.72 31.2 30.68 23.92 17.16 16.12 16.08 12.56 8.92 8.89 6.76 6.34 5.88 5.66 4.2 3.64 3.56 3.36 3.28 3.18 3.02 2.84 2.8 2.78 2.68 2.66 2.4 
# HMBR, Montage_100_1.0, runtime: 7.77595
makespan: 24.3451 25.1339 25.2053 27.1035 27.2255 27.2924 27.3184 28.2824 32.5593 33.2778 39.7849 39.9556 40.9688 51.3706 63.2994 67.9583 72.2312 108.941 117.36 165.553 226.19 247.325 271.376 323.214 346.797 1798.9 
cost: 32.24 31.72 31.2 30.68 23.92 17.16 16.12 15.88 10.56 9.44 8.94 6.76 6.34 5.88 5.66 4.2 3.64 3.58 3.36 3.28 3.18 3.02 2.8 2.68 2.66 2.4 
# HMBR, Montage_100_1.0, runtime: 7.75365
makespan: 24.3451 25.1339 25.2024 27.1035 27.2255 27.2924 27.3184 28.2624 33.416 39.9556 40.9688 51.3706 53.673 63.2994 67.9583 72.2312 106.51 165.553 226.19 247.325 271.159 323.214 394.898 1798.9 
cost: 32.24 31.72 31.2 30.68 23.92 17.16 16.12 15.72 8.6 6.76 6.34 5.88 5.78 5.66 4.2 3.64 3.33 3.28 3.18 3.02 2.8 2.68 2.66 2.4 
# HMBR, Montage_100_1.0, runtime: 7.81108
makespan: 24.3451 25.1339 25.2053 27.1035 27.2255 27.2924 27.3184 28.2881 31.2367 39.7816 39.8749 39.9193 39.9556 40.9688 51.3706 63.2994 63.3658 67.9583 72.2312 117.36 165.553 226.19 247.325 271.366 323.214 394.898 1798.9 
cost: 32.24 31.72 31.2 30.68 23.92 17.16 16.12 16.08 11.68 8.9 8.84 8.78 6.76 6.34 5.88 5.66 5.44 4.2 3.64 3.36 3.28 3.18 3.02 2.8 2.68 2.66 2.4 
# HMBR, Montage_100_1.0, runtime: 7.78832
makespan: 24.3449 25.1339 25.2053 27.1035 27.2255 27.2924 27.3184 28.2881 38.2521 38.4117 39.7837 39.9556 40.9688 43.9412 43.9953 51.3706 63.2994 67.9583 72.2312 107.067 107.195 117.36 121.724 226.19 247.325 271.316 323.214 394.898 1798.9 
cost: 32.24 31.72 31.2 30.68 23.92 17.16 16.12 16.08 15.36 15.08 8.94 6.76 6.34 5.94 5.92 5.88 5.66 4.2 3.64 3.58 3.48 3.36 3.22 3.18 3.02 2.8 2.68 2.66 2.4 
# HMBR, Sipht_29_1.0, runtime: 0.214277
makespan: 1259.69 1702.72 1912.01 1912.02 1913.55 5511.2 5515.48 5625.24 
cost: 13.68 13.52 13.06 12.98 12.92 11.74 11.7 11.58 
# HMBR, Sipht_29_1.0, runtime: 0.212975
makespan: 1259.69 1702.72 1912.01 1912.02 1913.55 5569.04 5581.42 5625.07 5625.24 
cost: 13.68 13.52 13.06 12.98 12.92 11.68 11.66 11.64 11.58 
# HMBR, Sipht_29_1.0, runtime: 0.213767
makespan: 1259.69 1702.72 1912.02 1913.55 5518.64 5625.24 
cost: 13.68 13.52 12.98 12.92 11.72 11.58 
# HMBR, Sipht_29_1.0, runtime: 0.212518
makespan: 1259.69 1702.72 1912.01 1912.02 1913.55 5518.64 5625.07 5625.24 
cost: 13.68 13.52 13.06 12.98 12.92 11.66 11.64 11.58 
# HMBR, Sipht_29_1.0, runtime: 0.217021
makespan: 1259.69 1702.72 1912.02 1913.55 5511.2 5517.42 5625.24 
cost: 13.68 13.52 12.98 12.92 11.72 11.7 11.58 
# HMBR, Sipht_58_1.0, runtime: 0.784685
makespan: 1325.64 1329.83 1410.19 1419.61 1420.18 1606.48 1612.03 1710.7 1732.1 1840.27 1859.86 2332.06 3044.87 3573.87 4818.26 5819.83 5870.93 14154.4 
cost: 29.14 29.06 29 28.96 28.82 28.5 28.44 28.32 28.22 27.94 27.92 27.78 26.54 25.94 25.34 24.5 24.42 24.4 
# HMBR, Sipht_58_1.0, runtime: 0.785422
makespan: 1325.64 1329.83 1410.19 1419.62 1606.48 1613.42 1719.14 1733.03 1840.27 3043.89 3044.87 3375.87 3573.87 4818.26 5819.83 5849.38 5870.93 14154.4 
cost: 29.14 29.06 28.8 28.72 28.46 28.32 28.28 28.12 27.84 26.78 26.54 26.08 25.94 25.34 24.5 24.44 24.42 24.4 
# HMBR, Sipht_58_1.0, runtime: 0.791194
makespan: 1325.64 1329.83 1407.63 1410.19 1606.48 1646.36 1710.7 1739.84 1842.85 2319.89 2898.45 3044.87 3573.87 4816.85 5806.1 5870.93 14154.4 
cost: 29.14 29.06 29.04 28.9 28.46 28.44 28.34 28.24 27.92 27.48 27.12 26.54 25.94 25.16 24.48 24.42 24.4 
# HMBR, Sipht_58_1.0, runtime: 0.786247
makespan: 1325.64 1329.83 1412.65 1419.61 1606.48 1639.02 1704.79 1710.7 1712.52 1859.86 3044.87 3402.07 3573.87 3659.34 4818.26 5819.83 5870.93 14154.4 14327.9 
cost: 29.14 29.06 29.04 28.96 28.64 28.44 28.4 28.32 28.28 27.92 26.54 26.08 25.94 25.78 25.34 24.5 24.42 24.4 24.38 
# HMBR, Sipht_58_1.0, runtime: 0.795416
makespan: 1325.64 1329.83 1410.19 1606.48 1613.42 1710.7 1859.86 2424.04 2611.08 3044.87 3573.87 3593.88 4818.26 4867.1 5819.83 5866.11 5870.93 14154.4 14278.7 
cost: 29.14 29.06 28.96 28.62 28.52 28.04 27.92 27.72 27.6 26.54 25.94 25.64 25.34 24.8 24.5 24.44 24.42 24.4 24.36 
# HMBR, Sipht_97_1.0, runtime: 1.98796
makespan: 1278.56 1278.59 1279.34 1308.43 1532.36 1676.62 1760.65 1850.97 1856.74 1868.14 2047.63 2336.7 2394.51 2735.83 3117.66 3270.1 3533.4 4017.82 4341.27 5081.66 5501.96 5593.84 6289.58 
cost: 43.68 43.47 43.2 43.06 42.56 42.42 42.36 42.12 41.8 41.64 41.4 41.27 40.99 40.02 39.78 39.54 38.88 38.85 37.82 36.74 36.5 36.38 36.32 
# HMBR, Sipht_97_1.0, runtime: 1.99672
makespan: 1278.56 1288.35 1289.64 1299.85 1305.49 1313.86 1317.08 1532.36 1762.58 1850.97 1868.14 2047.63 2263.67 2329.8 2387.79 2735.83 3117.66 3270.1 3404.8 3533.4 5099.74 5593.75 6289.58 
cost: 43.32 43.28 43.27 43.26 43.19 43.16 43.04 42.56 42.32 42.12 41.64 41.4 41.2 40.95 40.91 40.02 39.78 39.54 38.98 38.88 37.14 36.4 36.32 
# HMBR, Sipht_97_1.0, runtime: 1.99115
makespan: 1278.56 1279.78 1300.34 1532.36 1668.34 1822.02 1846.09 1868.14 2027.53 2735.83 3117.66 3135.06 3219.05 3533.4 4306.89 5099.74 5106.66 5593.75 5595.77 6289.58 21291.4 
cost: 43.2 43.14 43.04 42.56 42.4 42.36 42.07 41.64 41.36 40.02 39.78 39.54 38.96 38.88 38.32 37.14 37.06 36.4 36.36 36.32 36.3 
# HMBR, Sipht_97_1.0, runtime: 2.01264
makespan: 1278.56 1280.43 1280.78 1303.1 1310.88 1491.55 1532.36 1706.88 1850.97 1857.25 1868.14 2047.63 2735.83 3117.66 3270.1 3533.4 5078.23 5088.8 5405.56 5651.3 5915.75 6289.58 
cost: 43.48 43.34 43.13 43.12 43.11 42.92 42.56 42.52 42.12 42.04 41.64 41.4 40.02 39.78 39.54 38.88 37.26 37.04 36.66 36.52 36.38 36.32 
# HMBR, Sipht_97_1.0, runtime: 1.99683
makespan: 1278.56 1278.93 1280.43 1281.15 1288.83 1532.36 1733.25 1850.97 1858.46 1868.14 2029.22 2047.63 2237.51 2735.83 3117.66 3214.71 3533.4 4095.27 5055.65 5593.75 6289.58 
cost: 43.57 43.32 43.29 43.08 43.04 42.56 42.19 42.12 41.92 41.64 41.51 41.4 41.01 40.02 39.78 39.06 38.88 38.44 36.68 36.4 36.32 
